"Immunity_other" "Immunityboost_001-061" "Immunityboost_062-122" "Immunityboost_123-183" "Immunityboost_184-244" "Immunityboost_245-305" "Immunityboost_306-366" "Immunityfull_001-061" "Immunityfull_062-122" "Immunityfull_123-183" "Immunityfull_184-244" "Immunityfull_245-305" "Immunityfull_306-366" "Immunityfull_367-427" "Immunityfull_428-488" "Immunityfull_489-549" "Immunityhybridboost_001-061" "Immunityhybridboost_062-122" "Immunityhybridboost_123-183" "Immunityhybridboost_184-244" "Immunityhybridboost_245-305" "Immunityhybridboost_306-366" "Immunityhybridfull_001-061" "Immunityhybridfull_062-122" "Immunityhybridfull_123-183" "Immunityhybridfull_184-244" "Immunityhybridfull_245-305" "Immunityhybridfull_306-366" "Immunityhybridfull_367-427" "Immunityhybridfull_428-488" "Immunityhybridfull_489-549" "Immunityinf_062-122" "Immunityinf_123-183" "Immunityinf_184-244" "Immunityinf_245-305" "Immunityinf_306-366" "Immunityinf_367-427" "Immunityinf_428-488" "Immunityinf_489-549" "Immunitysecboost_001-061" "Immunitysecboost_062-122" "DCCI1" "DCCI2" "DCCI3" "DCCI4" "DCCI5" "DCCI6+" "DCCInodcci" "AgeGr18-24" "AgeGr25-29" "AgeGr30-34" "AgeGr35-39" "AgeGr45-49" "AgeGr50-54" "AgeGr55-59" "AgeGr60-64" "AgeGr65-69" "AgeGr70-74" "AgeGr75-79" "AgeGr80+" "SexM"
"Immunity_other" 0.00598770495484425 0.000277924236247221 0.000272082399195778 0.000308139732716122 0.000429635209903454 0.000459935239416395 0.000475466376080104 0.000288034997547351 0.000288026039823156 0.00029587412447655 0.00028889862997719 0.000303316544300323 0.000365042054321054 0.000442895605269942 0.000466110204333743 0.000461511174953214 0.000285539152285716 0.000287952333751894 0.000378491032349026 0.000450793607927926 0.000469121774675608 0.000481523166418745 0.000290322499896576 0.000288539627465057 0.000312195554849894 0.000330491562242195 0.000364336981012225 0.000399503297576019 0.000450173514405341 0.000470786472453354 0.000469125084575208 0.0002928622905938 0.000344257473011519 0.000443179963719379 0.00039398156233139 0.000298065251222978 0.000288635243060606 0.000297410632350349 0.000339220176448693 0.000464132409815786 0.000480714769508729 -1.70104798980853e-05 -1.78615923187913e-05 -1.93535574813405e-05 -1.94734742695237e-05 -1.6575737123994e-05 -2.14172192845729e-07 -0.000252903717680151 -3.05597490963016e-05 -2.1179568096397e-05 -1.24025100597001e-05 -5.42004421254686e-06 8.2329587105779e-06 1.49013583192036e-05 1.80383571825141e-05 2.41049054151979e-05 3.05680680097817e-05 2.79762837945111e-05 2.52988687272036e-05 4.09812346865691e-05 1.45212736032859e-05
"Immunityboost_001-061" 0.000277924236247221 0.00104734442705405 0.000314909258462789 0.000239699024059307 0.000192519846473093 0.000187205287441355 0.00017341204231481 0.000341761933333633 0.000306955643310429 0.000334145947874546 0.000330027978739149 0.000274296626296419 0.000226259875308441 0.00018321382926935 0.000183694831384494 0.000166136164682604 0.00033329215585285 0.000288767533351516 0.000209559097301124 0.000184744331437538 0.000184217350936409 0.000174773726876096 0.000320204360074119 0.000309381234989191 0.000297770986629438 0.00028384245828074 0.000236451981804867 0.000211738638183619 0.000179958413277097 0.000180399145288224 0.000170296123005716 0.00030435349250813 0.000224022872777719 0.000178555912477016 0.00024407234699675 0.000330616889607204 0.000311012073383893 0.000310634775270536 0.000244870883456022 0.000185776935403639 0.000185968069135281 -1.23136045212589e-05 -1.26675250449187e-05 -8.93452884649963e-06 -2.87583179893184e-06 5.1007241756071e-06 2.42332252771032e-05 -2.878105080224e-05 3.04402858377264e-05 5.5692374458318e-05 4.67611915413963e-05 2.83487494332976e-05 -1.62156682844087e-05 -2.19858186036964e-05 -2.84684702226735e-05 -3.97440855319278e-05 -5.76623711563033e-05 -3.83362404689154e-05 -1.91167304169297e-05 3.07005625095439e-05 -3.05927396011326e-06
"Immunityboost_062-122" 0.000272082399195778 0.000314909258462789 0.000867712205024796 0.00038123113908504 0.00025233238109304 0.000268259395403063 0.000278395941494171 0.00027565996609502 0.00031031463708978 0.000256634027356631 0.000300149649295643 0.000346368141821332 0.000276758638613159 0.000229009472502421 0.000247502425801759 0.000254358081504057 0.000319430202169777 0.000365101408055392 0.000288417479607242 0.000228299355857123 0.000244196243969333 0.000249670162541152 0.000290650789150847 0.000317073437454589 0.000279401130191097 0.000276009020444168 0.000284890927370625 0.000245221581464416 0.000216973722957858 0.000223813733134946 0.000221660175239305 0.000298784681520472 0.00028888702925629 0.000205059015630067 0.00022237752233866 0.000280372410860159 0.000308943397194279 0.000294611077989266 0.000297389763783987 0.000284282436837439 0.000285753057698644 -1.50054890717389e-05 -1.9717664764106e-05 -1.8675223011237e-05 -1.3497689156274e-05 -5.19718435815968e-06 1.65311463172615e-05 -4.25347955229478e-05 3.44920598541302e-05 5.16291161506118e-05 4.42766323616954e-05 2.64144507897443e-05 -1.97306108947755e-05 -2.85489750312102e-05 -4.4026187197253e-05 -7.7873460986546e-05 -0.000106529037902884 -0.000134785461887895 -0.000143588837880324 -0.000100170739109994 3.93521598568225e-06
"Immunityboost_123-183" 0.000308139732716122 0.000239699024059307 0.00038123113908504 0.00178356145061035 0.000497031747617506 0.000460067657949935 0.000469731563139608 0.000202924362355233 0.0002763014937073 0.000205608304692773 0.000251098935078027 0.000418545899939423 0.000451376319675334 0.000422193885555176 0.000440818523102823 0.000466210294173998 0.000271415655473219 0.000413517214637343 0.000533239197492796 0.000438693777989121 0.000426174033573355 0.000429950342672611 0.000236341059958173 0.00030526952420667 0.00030829863190245 0.000300959895053517 0.000404667355828022 0.000419416311970754 0.000405261591693112 0.000413954560705096 0.00041865426673019 0.00028421895378246 0.000448302465684372 0.000413172823904789 0.000304589680533528 0.000222192510652297 0.000282872594138877 0.000288148038436202 0.000386580762481341 0.000470203368720489 0.000461529290155976 -1.56107147796829e-05 -2.11416259324129e-05 -2.15718027747883e-05 -1.78765702221476e-05 -1.0815287265111e-05 9.28448962389723e-06 -4.55016306556123e-05 3.61235841463818e-05 5.15873980241087e-05 4.59706561650238e-05 2.7380043627493e-05 -1.80471705922368e-05 -2.68553004120938e-05 -3.83409820311082e-05 -6.04228401509045e-05 -7.79635732383224e-05 -0.00013902306101917 -0.000179376572250153 -0.000163177391814431 1.01431337923198e-05
"Immunityboost_184-244" 0.000429635209903454 0.000192519846473093 0.00025233238109304 0.000497031747617506 0.00225131482905397 0.00111894217077507 0.00104747041255632 0.000154415203259861 0.000180610401177604 0.000162928556202953 0.00021303301075733 0.000348580978653965 0.000719563285477168 0.00103993181964224 0.00105968653479503 0.00110320300833311 0.000220465439242826 0.00030218039876669 0.000836537146861021 0.00112523182676647 0.00108028181938417 0.00102607985573257 0.00017215364181759 0.000213062624087471 0.000328902284031236 0.000418647950746948 0.000607925739509862 0.000824497959726482 0.00102333073587418 0.00104066796366151 0.00108143046235624 0.00019861652047341 0.000543305905586633 0.000987839306481344 0.000697583326134285 0.000208471330596372 0.000189629519226116 0.0002388895156239 0.000500865609066322 0.00110490768982036 0.00100701207380462 -1.55674659823501e-05 -1.93485758018942e-05 -1.75673134256335e-05 -1.2720510838375e-05 -4.14611510107014e-06 1.65906185186431e-05 -2.8803898343706e-05 5.3198398505699e-05 6.683650340998e-05 5.68925572744094e-05 3.42203364290924e-05 -2.51259066038253e-05 -3.72575703273114e-05 -5.12514115967038e-05 -7.50635606716651e-05 -9.82926651648826e-05 -0.00011123301385977 -0.000113065805367355 -8.005658488172e-05 6.50949386019459e-06
"Immunityboost_245-305" 0.000459935239416395 0.000187205287441355 0.000268259395403063 0.000460067657949935 0.00111894217077507 0.00262731933162704 0.00165373209801949 0.000133698009020896 0.000155811785412519 0.000132238368306136 0.000190201771472677 0.000360945293488716 0.000656012229719518 0.00118215696953976 0.00145768314864498 0.00144750357453656 0.000213019985720781 0.000292068515214821 0.000772896123820366 0.00124307297296219 0.00147943847516849 0.0016060846179507 0.000146329825819616 0.000186336762227826 0.000282384008494211 0.000423775341631955 0.000684363422467572 0.000848080692826272 0.00120437491670811 0.00141484464684884 0.00138283445096787 0.000164004358344729 0.000468333257803233 0.00108414368514708 0.000801049054464969 0.000213853537599361 0.000165554290108163 0.000202263762659926 0.000477977709163182 0.00157649140695054 0.00171320182260531 -1.77943018305581e-05 -2.50962218252763e-05 -2.51342499995478e-05 -1.99510026941061e-05 -1.033671833939e-05 1.3171689930953e-05 -4.01878114077607e-05 5.92261790731568e-05 6.43004998899112e-05 5.49424173110779e-05 3.26063251254766e-05 -2.95631633061683e-05 -4.50495490005054e-05 -6.85523312795744e-05 -0.000112753714295432 -0.000144563367049803 -0.000196991171166899 -0.000223121020646195 -0.000196504282929597 1.21407038383387e-05
"Immunityboost_306-366" 0.000475466376080104 0.00017341204231481 0.000278395941494171 0.000469731563139608 0.00104747041255632 0.00165373209801949 0.0109130825798261 0.0001186572080889 0.000140227524843558 0.000112899328871904 0.000170944336986691 0.000369733096788673 0.000631239742691545 0.00120965097709495 0.00173858263655186 0.00165796600558088 0.000202333151892435 0.000288744963786773 0.000740272044705179 0.0012533621626514 0.00171441293981109 0.00206728278166285 0.000130498384946818 0.000170993373859055 0.000255068504918837 0.000415456745733822 0.000716204337590383 0.000866087192722338 0.00126842125017098 0.00168277933212185 0.00154788327335325 0.000146922952052614 0.000428751860745033 0.00111612629317224 0.000826598389968745 0.000219034601248514 0.000151804123260085 0.000183989938827476 0.000451409974674159 0.00185087718998666 0.00240451237574559 -1.8503896247735e-05 -2.80370470469506e-05 -3.00154623387662e-05 -2.54176298752432e-05 -1.76243279047868e-05 5.1857424693894e-06 -5.23739724478216e-05 6.21572339440457e-05 6.18413578070186e-05 5.46580975085126e-05 3.16500425335121e-05 -2.68453039490764e-05 -4.20874631815432e-05 -6.17150460539161e-05 -8.46563723638827e-05 -9.37801994303271e-05 -0.000221441620197871 -0.000319187655722642 -0.000337629805426789 2.31861372172946e-05
"Immunityfull_001-061" 0.000288034997547351 0.000341761933333633 0.00027565996609502 0.000202924362355233 0.000154415203259861 0.000133698009020896 0.0001186572080889 0.00467159188790093 0.000322677958466036 0.000367384271234085 0.000330319743497949 0.000257514941360915 0.000220358073913967 0.000168299203435386 0.000142151244768223 0.000130008791604776 0.000318748342496202 0.000261999337426905 0.000184126659935911 0.000156500415362895 0.00014145655259298 0.000131146105380197 0.000336790709774868 0.000310148545748544 0.000308882808406008 0.000287139361604388 0.000226914782737358 0.000207497856894716 0.000170923698370385 0.000151963107886013 0.000149067543382467 0.000319760633394757 0.000235948055920049 0.0001858494980035 0.000252626456961623 0.000340091707502643 0.000319960145001393 0.000319962949349307 0.000248688019876438 0.000123752905899301 0.00012111966469624 -4.82607701333908e-06 -2.70358256322249e-06 4.65164500671546e-07 5.3514298907933e-06 9.21047004417534e-06 2.59121959385481e-05 -0.000144700680907883 -6.59883252847525e-05 -4.09371549911616e-05 -3.31701005626952e-05 -1.45569041882648e-05 5.75337117681788e-06 1.29099621939911e-05 1.90275731970725e-05 2.10510113888995e-05 2.11621543440877e-05 3.41322232665882e-05 4.04570801978151e-05 7.07698958102459e-05 -5.88770991780337e-06
"Immunityfull_062-122" 0.000288026039823156 0.000306955643310429 0.00031031463708978 0.0002763014937073 0.000180610401177604 0.000155811785412519 0.000140227524843558 0.000322677958466036 0.00378706821363774 0.000323449659695336 0.000319412894468799 0.000305973939927226 0.000248831963573369 0.000196020159913196 0.000165228619152334 0.000152604237182487 0.000315468187259291 0.000311994554295363 0.00023168301964566 0.000180601571822967 0.0001633980588959 0.000152487692105818 0.000332427396917179 0.000326866742559023 0.000305443449438201 0.000293799855568798 0.000265659833738878 0.000233267560664069 0.000198129258187991 0.000175173596699963 0.000171247979750841 0.000332139953026891 0.000293758003396842 0.000210158713644482 0.000242820269779477 0.000315766083641977 0.000330724872309763 0.000318950048002527 0.000296562995909372 0.000145058157307336 0.000141626457900726 -4.20396633011337e-06 -1.30167950987194e-06 2.80022956867685e-06 6.71708849830249e-06 1.20840547625486e-05 2.71372871330278e-05 -0.000254130774837345 -6.62330642457303e-05 -3.00469504950759e-05 -2.19011797123188e-05 -9.54037310006154e-06 3.12758764086168e-06 1.18847007850761e-05 1.88444294507904e-05 2.40780224541064e-05 2.59951062124696e-05 3.38635396963148e-05 3.92028118693819e-05 7.0147855110979e-05 -7.35223751337534e-06
"Immunityfull_123-183" 0.00029587412447655 0.000334145947874546 0.000256634027356631 0.000205608304692773 0.000162928556202953 0.000132238368306136 0.000112899328871904 0.000367384271234085 0.000323449659695336 0.0018245569847153 0.000327964902989345 0.000257291256253377 0.000229836913078644 0.000178716473488902 0.000144433589120267 0.000130923988855875 0.00030836178012808 0.00025316253454833 0.00019498771560273 0.000165371427922013 0.000143003762864063 0.000129969563506368 0.000336656911021751 0.000306487343837267 0.000324099966941567 0.000290311995712653 0.000233714425764055 0.00021925619447644 0.000182908865722101 0.000158473742782042 0.000156584898111646 0.000317799389382116 0.000249761405715192 0.000203943821051745 0.000271220462251761 0.000340275029586058 0.000318918744472879 0.00032205686124313 0.000251652277998534 0.000118298099965151 0.000113734672328198 -6.17990141838974e-06 -2.27928817260951e-06 1.27039682492179e-06 5.66716034492067e-06 1.09316281299907e-05 2.59010682718798e-05 -0.00012310711292336 -0.000135400338675313 -5.15019216617872e-05 -2.73922289075873e-05 -1.45431674082163e-05 1.55411731839309e-05 2.86618854637893e-05 3.70256781051254e-05 4.23014801168444e-05 4.41747972096542e-05 5.7320065923043e-05 6.60446041928444e-05 9.93181945397925e-05 -3.71445720968637e-06
"Immunityfull_184-244" 0.00028889862997719 0.000330027978739149 0.000300149649295643 0.000251098935078027 0.00021303301075733 0.000190201771472677 0.000170944336986691 0.000330319743497949 0.000319412894468799 0.000327964902989345 0.00110701562671593 0.00028727464829297 0.000251352259380285 0.000216893739239435 0.000197268934776277 0.00018158246405007 0.00032390659548109 0.000295175901855466 0.000237118183541623 0.000213208416036977 0.000197489477468672 0.000184337421301651 0.000328358000829635 0.000318114090391749 0.000306649855557526 0.000299003748972123 0.000263756316139425 0.000244632112385654 0.000218850879430916 0.00020632861470545 0.000200147296897512 0.000320153821611487 0.000269877908785979 0.000224267507888838 0.000263314675373135 0.000325490550162521 0.000319880467132317 0.000316017756907345 0.000278939030016219 0.000178072861193981 0.000172383039184629 -6.56934860770863e-06 -3.31024679894211e-06 1.02143713827708e-06 6.07802045886717e-06 1.20701259720669e-05 2.79382820669867e-05 -5.25375075361102e-05 7.4007423810199e-06 4.49488351527561e-05 3.76324372442778e-05 2.269235272321e-05 -3.80510882332369e-06 1.94311935844924e-06 1.16351530474281e-05 2.28357131902847e-05 2.41470654840869e-05 3.65984248351322e-05 4.51267358919515e-05 8.08363004756122e-05 -5.2505599229109e-07
"Immunityfull_245-305" 0.000303316544300323 0.000274296626296419 0.000346368141821332 0.000418545899939423 0.000348580978653965 0.000360945293488716 0.000369733096788673 0.000257514941360915 0.000305973939927226 0.000257291256253377 0.00028727464829297 0.00235348032721109 0.000338739747871646 0.000345095384489646 0.000360366066431176 0.00035420921889372 0.000299003449607756 0.000367191237150073 0.000376973860139469 0.000346373040521882 0.000357867775046468 0.000364068870439239 0.000285346919363621 0.000317737211114619 0.000304852015238316 0.000307721302075124 0.000357969378545943 0.000337412888474698 0.000344206027587114 0.000355146589828092 0.000348092378812274 0.000306949959359053 0.00037028829711161 0.000335205195871211 0.000299996857900578 0.00027273310725115 0.000308720487856962 0.000301267386879863 0.000349048241721117 0.000366224479726885 0.000371733769591025 -9.66995969909581e-06 -9.95618291957866e-06 -7.7356299681915e-06 -4.03749185366325e-06 1.87318747948455e-06 1.70160616251421e-05 -8.61424908028495e-05 2.51975263549263e-05 4.5324138649968e-05 4.08615819870969e-05 2.52922990500591e-05 -1.52977036040132e-05 -2.11010512679838e-05 -2.30898845036266e-05 -1.93609911860951e-05 -2.2789142469926e-05 -3.75550470038439e-05 -4.57492749937566e-05 -1.14405723632864e-05 1.10447483519413e-05
"Immunityfull_306-366" 0.000365042054321054 0.000226259875308441 0.000276758638613159 0.000451376319675334 0.000719563285477168 0.000656012229719518 0.000631239742691545 0.000220358073913967 0.000248831963573369 0.000229836913078644 0.000251352259380285 0.000338739747871646 0.0054441144531893 0.000642039266785404 0.000640521505144938 0.00067364553637177 0.000252056724995662 0.000315190304071947 0.000601513960992884 0.000681229503368958 0.000638251124635666 0.000619149498025193 0.000239107060873831 0.000265274254370142 0.00032426406869452 0.000357147858031396 0.00045344723711465 0.000572494515586173 0.000633217545232475 0.00063512461844348 0.000657962274243858 0.000262693785413626 0.000458767966245823 0.000640962379593834 0.000473428472145361 0.000246086228246025 0.000252090828685571 0.000279200512466866 0.000415928610837726 0.000640957798798682 0.000614000888672489 -9.50237343251794e-06 -1.03483766061386e-05 -8.06793418950989e-06 -7.23400150764082e-06 2.40492246088908e-07 1.46302325389226e-05 -0.00010670949288966 -2.54872125490904e-05 1.22147999676774e-05 1.73960492342023e-05 9.75332094727154e-06 -4.23320374816072e-06 -3.58424240218168e-06 -3.95540530119732e-06 -3.7182291409129e-07 1.95236299140165e-06 -1.93683686480034e-05 -4.14075730093331e-05 -7.61027649623287e-05 1.82692203834085e-05
"Immunityfull_367-427" 0.000442895605269942 0.00018321382926935 0.000229009472502421 0.000422193885555176 0.00103993181964224 0.00118215696953976 0.00120965097709495 0.000168299203435386 0.000196020159913196 0.000178716473488902 0.000216893739239435 0.000345095384489646 0.000642039266785404 0.00667193914831524 0.0011556309335965 0.00117018506095071 0.000221917518116291 0.00028415987223314 0.000741137961900171 0.00111039243811191 0.00118326163894221 0.00120155035536361 0.000192711472105774 0.000219109626633701 0.000316310606986241 0.000427221369364221 0.000629014760987101 0.000794179476425325 0.00106553960019098 0.00114684549770106 0.00115831800181557 0.000213450759284031 0.000506752050864818 0.000994880250423473 0.000734092957066228 0.00023106883421625 0.00020277344253276 0.000238444612712935 0.000489256066402352 0.0012079697574009 0.0011802144981603 -9.17833088814958e-06 -9.29125032424088e-06 -6.4560207900731e-06 -3.93974649541169e-06 2.98867778318461e-06 1.90129637658061e-05 -5.98665577365097e-05 2.33330747331836e-05 4.97843630266029e-05 4.2305512457269e-05 2.40635849009682e-05 -1.13446846318812e-05 -1.26022800073913e-05 -1.25850327786055e-05 -1.22678870308081e-05 -1.28146885024627e-05 -2.60644359090115e-05 -3.65497811664816e-05 -3.49758094468788e-05 8.96668043791722e-06
"Immunityfull_428-488" 0.000466110204333743 0.000183694831384494 0.000247502425801759 0.000440818523102823 0.00105968653479503 0.00145768314864498 0.00173858263655186 0.000142151244768223 0.000165228619152334 0.000144433589120267 0.000197268934776277 0.000360366066431176 0.000640521505144938 0.0011556309335965 0.0155923531934319 0.00144130836674358 0.000217901298431817 0.00028784702323759 0.000755056296341377 0.00121049894106944 0.00150505239287027 0.00171027363975588 0.00016164927660611 0.000196673705480665 0.000289785750669334 0.000431007831887934 0.000690675030343757 0.000851601899565315 0.00119834416156945 0.00148040737024458 0.00139409148394629 0.000180269740411413 0.000472004551106626 0.00108265939757987 0.000799364054332395 0.000231718209050635 0.000177655833849189 0.000213466917273619 0.000475033952409667 0.00157425403469777 0.00192343432612103 -1.32284024034125e-05 -1.71738464761549e-05 -1.60500016975745e-05 -1.29936462677152e-05 -5.77180192148906e-06 1.20378821694248e-05 -6.20362215218479e-05 6.86367866450463e-05 6.93576242625101e-05 6.31422449336138e-05 3.96229769617039e-05 -3.26052842399573e-05 -5.08118071548711e-05 -6.34797048131347e-05 -7.16804936775999e-05 -8.07015962273995e-05 -0.000119960717397154 -0.000146360743949115 -0.000133848502063992 2.15086833746e-05
"Immunityfull_489-549" 0.000461511174953214 0.000166136164682604 0.000254358081504057 0.000466210294173998 0.00110320300833311 0.00144750357453656 0.00165796600558088 0.000130008791604776 0.000152604237182487 0.000130923988855875 0.00018158246405007 0.00035420921889372 0.00067364553637177 0.00117018506095071 0.00144130836674358 0.0514715981666641 0.000200636658774296 0.000283363680594448 0.000774995355120258 0.00122567956224356 0.00145473577514595 0.00160428952638552 0.000147478848387954 0.000182303217101686 0.000281434630034183 0.000420082338613049 0.000677620941349116 0.000852643855677933 0.00119474900391208 0.00140272997909226 0.00138873148610528 0.000167102026162031 0.000476952443430917 0.00108523812725551 0.000794440673740335 0.000210129623783601 0.000165574449593653 0.000204750531109193 0.000479661617735652 0.0015464749723331 0.0016814177287249 -1.49903285298753e-05 -2.10041052696095e-05 -1.99330707677559e-05 -2.3320825578179e-05 -1.22692479465019e-05 7.54591513525025e-06 -0.00010214897403059 5.19580600955413e-05 4.33767352905093e-05 4.28221714989078e-05 2.31384533316492e-05 -1.92029368381228e-05 -3.04171607221375e-05 -4.52313137744347e-05 -4.86393539733973e-05 -4.60613548310493e-05 -0.000116672803358569 -0.000191212823074877 -0.000317199224819079 5.05750477079594e-05
"Immunityhybridboost_001-061" 0.000285539152285716 0.00033329215585285 0.000319430202169777 0.000271415655473219 0.000220465439242826 0.000213019985720781 0.000202333151892435 0.000318748342496202 0.000315468187259291 0.00030836178012808 0.00032390659548109 0.000299003449607756 0.000252056724995662 0.000221917518116291 0.000217901298431817 0.000200636658774296 0.00654154362827508 0.000312016616779605 0.000246932749845797 0.00022225319569725 0.000219174439613613 0.000212586336607508 0.000322765361418026 0.000320712051442087 0.000300295890424737 0.000297859310513495 0.000271615625028373 0.000245913097490684 0.000223646193671248 0.000222898655407619 0.000213427177636163 0.000316926162713382 0.000268729930520107 0.000220875214434348 0.000257240090131115 0.000320640917123298 0.000319246985523677 0.000313436912538511 0.000281799227829489 0.000207184552042157 0.000208367050685467 -2.08164782719591e-05 -2.24598545965874e-05 -2.05967309953546e-05 -1.70531116383374e-05 -1.25517624649443e-05 3.82423010821508e-06 -3.28155891491153e-05 4.64835579622797e-05 6.54239823422064e-05 5.74904438482515e-05 3.45072391934277e-05 -1.51917442301423e-05 -1.31409812994088e-05 -1.24802037718365e-05 -2.12700155074348e-06 7.77989830053549e-06 1.79282224735124e-05 2.70263905638313e-05 6.55216761945286e-05 4.82489243375317e-06
"Immunityhybridboost_062-122" 0.000287952333751894 0.000288767533351516 0.000365101408055392 0.000413517214637343 0.00030218039876669 0.000292068515214821 0.000288744963786773 0.000261999337426905 0.000311994554295363 0.00025316253454833 0.000295175901855466 0.000367191237150073 0.000315190304071947 0.00028415987223314 0.00028784702323759 0.000283363680594448 0.000312016616779605 0.00587197550287839 0.000348921590969598 0.000286555147294441 0.000285361875688962 0.000283305207839146 0.000291984795987586 0.000326092607744286 0.000299273546033635 0.000297249366118327 0.00032999070052122 0.000298663028512807 0.000279490515093028 0.000281318164870625 0.000275836673817302 0.000311865028983886 0.000350269292342305 0.000273327564993552 0.000257254447268199 0.000276119014441603 0.000315662386515802 0.000304599280343972 0.000335146744876816 0.00029350406053968 0.000294054974213727 -2.20786452100512e-05 -2.73776240447441e-05 -2.79239966524953e-05 -2.90271458300834e-05 -2.84481901843738e-05 -1.26110925448622e-05 -4.61129351098344e-05 4.77656003907799e-05 6.09705594268745e-05 5.44357536562958e-05 3.26636596896635e-05 -2.23274564022772e-05 -2.6246902476395e-05 -3.41645815951506e-05 -4.16286761254455e-05 -3.28662367794745e-05 -3.92176236997291e-05 -4.01041564574409e-05 -1.33058678748738e-05 9.86333485167967e-06
"Immunityhybridboost_123-183" 0.000378491032349026 0.000209559097301124 0.000288417479607242 0.000533239197492796 0.000836537146861021 0.000772896123820366 0.000740272044705179 0.000184126659935911 0.00023168301964566 0.00019498771560273 0.000237118183541623 0.000376973860139469 0.000601513960992884 0.000741137961900171 0.000755056296341377 0.000774995355120258 0.000246932749845797 0.000348921590969598 0.0109080286253246 0.00079528765934957 0.000754774358970931 0.000731142957174037 0.000215525330935583 0.00026505002020544 0.000332949554396049 0.000374298123118808 0.00051672890574375 0.000647175555046254 0.000732286916173735 0.000748089267029587 0.000763657208195701 0.000253437665958695 0.000517216767631335 0.000731093848395196 0.000516876159528443 0.000225336419104426 0.000242835498433765 0.000274567555263352 0.000455599976730984 0.000758406456297723 0.00072135910521332 -2.33704695431616e-05 -2.88350097059916e-05 -3.04381380139531e-05 -3.20217612241182e-05 -3.10252912645007e-05 -1.73852838185663e-05 -4.04394814103745e-05 5.51726962929235e-05 6.47209928736402e-05 5.846301259389e-05 3.46434524199684e-05 -2.00393650347457e-05 -2.38447629283805e-05 -2.89529738513777e-05 -2.7789119601186e-05 -1.90336386254118e-05 -3.67914178855541e-05 -4.87107794920243e-05 -3.44222492766996e-05 1.88427474596634e-05
"Immunityhybridboost_184-244" 0.000450793607927926 0.000184744331437538 0.000228299355857123 0.000438693777989121 0.00112523182676647 0.00124307297296219 0.0012533621626514 0.000156500415362895 0.000180601571822967 0.000165371427922013 0.000213208416036977 0.000346373040521882 0.000681229503368958 0.00111039243811191 0.00121049894106944 0.00122567956224356 0.00022225319569725 0.000286555147294441 0.00079528765934957 0.00859008909769261 0.00123987809239355 0.00124630602680167 0.00018079182286253 0.00021195442981154 0.000320693102259775 0.000438026921756751 0.000650929660298279 0.000839991840167926 0.00111877441933869 0.00120078618081661 0.00121512065764448 0.000201602339064409 0.000522680251875732 0.00104703973358088 0.000763195404929896 0.000225642485990194 0.00019237547418948 0.000234979425054244 0.000502692106250814 0.00126293073774913 0.00122405378503551 -2.39493887377504e-05 -2.85101350810327e-05 -2.8315981625722e-05 -2.62182816290877e-05 -2.16647609205846e-05 -4.40155763597761e-06 -3.2329872851091e-05 6.96494175488414e-05 7.72981575302614e-05 6.77330241517398e-05 4.04394137558341e-05 -2.4494186663786e-05 -2.85741656279175e-05 -3.50324241723378e-05 -3.28728080703956e-05 -2.37006499255756e-05 -3.66435970714912e-05 -4.38668715377068e-05 -2.25244061258276e-05 1.34607819988229e-05
"Immunityhybridboost_245-305" 0.000469121774675608 0.000184217350936409 0.000244196243969333 0.000426174033573355 0.00108028181938417 0.00147943847516849 0.00171441293981109 0.00014145655259298 0.0001633980588959 0.000143003762864063 0.000197489477468672 0.000357867775046468 0.000638251124635666 0.00118326163894221 0.00150505239287027 0.00145473577514595 0.000219174439613613 0.000285361875688962 0.000754774358970931 0.00123987809239355 0.012046094821926 0.00169078007587669 0.000161333022053347 0.000194948050484203 0.00028882614159097 0.00043652509720125 0.000698813717434905 0.000855821543971478 0.00122312985234186 0.00147858651180613 0.00141277796067293 0.000177538934580782 0.000469812299463896 0.00109869872161858 0.000817681135548439 0.000231123183023463 0.000176334219897201 0.000211352036713556 0.000480551550683754 0.00158919418450669 0.00185981407452547 -2.50570779098594e-05 -3.36550189582537e-05 -3.57336187807061e-05 -3.77335011934601e-05 -3.66676244341652e-05 -1.78980129488504e-05 -4.78249565469334e-05 7.08145230147702e-05 7.23777951512156e-05 6.38030274735252e-05 3.80098879174848e-05 -3.40805500132132e-05 -4.58907512965383e-05 -6.3611241528085e-05 -8.28439877708e-05 -7.50781583192878e-05 -0.000104813014244712 -0.000121933622458648 -0.000109514525701561 1.63314062691702e-05
"Immunityhybridboost_306-366" 0.000481523166418745 0.000174773726876096 0.000249670162541152 0.000429950342672611 0.00102607985573257 0.0016060846179507 0.00206728278166285 0.000131146105380197 0.000152487692105818 0.000129969563506368 0.000184337421301651 0.000364068870439239 0.000619149498025193 0.00120155035536361 0.00171027363975588 0.00160428952638552 0.000212586336607508 0.000283305207839146 0.000731142957174037 0.00124630602680167 0.00169078007587669 0.202029736528994 0.000151814802406548 0.000185419407405481 0.000270400847037866 0.000431587746165398 0.000722843033558305 0.000870122012092975 0.0012694223575992 0.00167648062924139 0.00153454029178643 0.000167103479621258 0.000442603485396721 0.0011226701627289 0.000836784023380993 0.000236773462767212 0.00016811841214182 0.00019992179904621 0.000462176972067419 0.00178507438695321 0.00236094907615653 -2.56354301931701e-05 -3.78513398570695e-05 -4.28798576192361e-05 -5.45724286788419e-05 -6.09562530317373e-05 -4.5244742535747e-05 -6.20093702470248e-05 7.26822480413366e-05 6.76793134767518e-05 6.38643314262397e-05 3.60099227033809e-05 -3.34971158973607e-05 -4.46130049129415e-05 -5.49874440381947e-05 -5.90304973132157e-05 -4.67975723248733e-05 -0.000113640126182225 -0.000166101760560897 -0.000189114449549705 3.90355815375198e-05
"Immunityhybridfull_001-061" 0.000290322499896576 0.000320204360074119 0.000290650789150847 0.000236341059958173 0.00017215364181759 0.000146329825819616 0.000130498384946818 0.000336790709774868 0.000332427396917179 0.000336656911021751 0.000328358000829635 0.000285346919363621 0.000239107060873831 0.000192711472105774 0.00016164927660611 0.000147478848387954 0.000322765361418026 0.000291984795987586 0.000215525330935583 0.00018079182286253 0.000161333022053347 0.000151814802406548 0.0336765798698364 0.000327195661847517 0.000310025573306297 0.000300568177025611 0.000258116092084483 0.000232308087447019 0.000199445691110961 0.00017868893997451 0.000175848838117982 0.000335791642802597 0.000276729378390396 0.000212312382891153 0.00025495290157431 0.000331145560785457 0.000331045207243989 0.000323089695399368 0.000282844486611358 0.000130744576497525 0.000127124799483233 -1.66435429038207e-05 -1.25951020802672e-05 -9.44539955711961e-06 -5.91737510072073e-06 -9.17749060308205e-07 1.35266968199417e-05 -1.34193263414158e-06 -1.69002236065514e-05 1.92268721312045e-05 2.23031126933882e-05 8.74434851838992e-06 1.63556329478368e-05 3.85702633836229e-05 5.50122839903512e-05 7.58451359964496e-05 8.3652641255101e-05 9.21553150454622e-05 9.79628752040116e-05 0.000129097552891059 1.3725622145777e-05
"Immunityhybridfull_062-122" 0.000288539627465057 0.000309381234989191 0.000317073437454589 0.00030526952420667 0.000213062624087471 0.000186336762227826 0.000170993373859055 0.000310148545748544 0.000326866742559023 0.000306487343837267 0.000318114090391749 0.000317737211114619 0.000265274254370142 0.000219109626633701 0.000196673705480665 0.000182303217101686 0.000320712051442087 0.000326092607744286 0.00026505002020544 0.00021195442981154 0.000194948050484203 0.000185419407405481 0.000327195661847517 0.0107477700665914 0.000308546543951048 0.00030014447028251 0.000284458249963596 0.000253998434858048 0.000222078668515291 0.000207107677255991 0.000201523833422561 0.000332059713041788 0.000308246125681 0.000230327897341595 0.000251689681050699 0.000312350935903353 0.000328258773393824 0.000319093394244851 0.000302737050975557 0.000174316991825661 0.000171238624642919 -1.78580695048476e-05 -1.62605520022774e-05 -1.4217184690677e-05 -1.07539443555885e-05 -5.20560912868712e-06 9.46760348424135e-06 -1.34737515563388e-05 2.81818115175901e-05 5.24532952544066e-05 4.85917490409292e-05 2.30018592009091e-05 8.62372169667111e-06 2.61803767356923e-05 3.39850713263493e-05 4.63735788065452e-05 5.09872679684064e-05 5.8758167966834e-05 6.49740404762393e-05 0.000100720183071 1.18179459483198e-05
"Immunityhybridfull_123-183" 0.000312195554849894 0.000297770986629438 0.000279401130191097 0.00030829863190245 0.000328902284031236 0.000282384008494211 0.000255068504918837 0.000308882808406008 0.000305443449438201 0.000324099966941567 0.000306649855557526 0.000304852015238316 0.00032426406869452 0.000316310606986241 0.000289785750669334 0.000281434630034183 0.000300295890424737 0.000299273546033635 0.000332949554396049 0.000320693102259775 0.00028882614159097 0.000270400847037866 0.000310025573306297 0.000308546543951048 0.00581923924026131 0.00031551019744173 0.000315660952988387 0.000327853738273109 0.000318340219970014 0.000301863082363471 0.000302970951943273 0.000312199477958098 0.00033504981200495 0.000331302692922921 0.000320664978382034 0.000307649263067449 0.000308161743373721 0.000313550617591543 0.000316895876361369 0.000263676347090367 0.000249367483986847 -1.67644184556955e-05 -1.45165763135009e-05 -1.21037879768178e-05 -7.88364067970082e-06 -2.75084473989909e-06 1.16854146125294e-05 -8.25204339041546e-06 -2.58582725696273e-05 1.47436069650925e-05 2.39538274198936e-05 1.36375580005763e-05 4.92437031420179e-06 1.67251630440849e-05 2.52583649632307e-05 4.10683787552009e-05 5.00029984997308e-05 5.5804327365965e-05 6.02717038299365e-05 9.31634578899705e-05 9.49700059573664e-06
"Immunityhybridfull_184-244" 0.000330491562242195 0.00028384245828074 0.000276009020444168 0.000300959895053517 0.000418647950746948 0.000423775341631955 0.000415456745733822 0.000287139361604388 0.000293799855568798 0.000290311995712653 0.000299003748972123 0.000307721302075124 0.000357147858031396 0.000427221369364221 0.000431007831887934 0.000420082338613049 0.000297859310513495 0.000297249366118327 0.000374298123118808 0.000438026921756751 0.00043652509720125 0.000431587746165398 0.000300568177025611 0.00030014447028251 0.00031551019744173 0.00416876574354435 0.000363722330473826 0.000391797001334696 0.000435093058599668 0.000442920440088146 0.000440430437544401 0.000302799311358996 0.000348338599079479 0.000427587058681216 0.000382584916684944 0.000302450137412269 0.000297001997629964 0.000302335863817579 0.000343442233102489 0.00041548068551878 0.000406008101907491 -1.71281535926877e-05 -1.38919346102278e-05 -1.19013812917786e-05 -6.97750381000636e-06 -1.05198757665666e-06 1.2486939549021e-05 -1.38409165059692e-05 1.63481801411446e-05 4.43900250350241e-05 4.26354005512189e-05 2.4652736383353e-05 -3.26825580799273e-06 7.35693028743729e-06 2.23861741794285e-05 4.7486807118456e-05 5.96311599916383e-05 6.26605778380908e-05 6.43657577541679e-05 9.09635003403473e-05 9.24772142485717e-06
"Immunityhybridfull_245-305" 0.000364336981012225 0.000236451981804867 0.000284890927370625 0.000404667355828022 0.000607925739509862 0.000684363422467572 0.000716204337590383 0.000226914782737358 0.000265659833738878 0.000233714425764055 0.000263756316139425 0.000357969378545943 0.00045344723711465 0.000629014760987101 0.000690675030343757 0.000677620941349116 0.000271615625028373 0.00032999070052122 0.00051672890574375 0.000650929660298279 0.000698813717434905 0.000722843033558305 0.000258116092084483 0.000284458249963596 0.000315660952988387 0.000363722330473826 0.00887757666978333 0.000524961012372118 0.000641401696911544 0.00069370794327158 0.000683331698755737 0.000279026852762712 0.000429404988357857 0.000608694501268242 0.000483550731292077 0.000265562277010506 0.000273070240932992 0.000282809083737531 0.000407827541075767 0.000697874262245319 0.000731981681083786 -1.92336091275008e-05 -1.89933492979084e-05 -1.89466532333923e-05 -1.67678033601758e-05 -9.4231519520049e-06 2.82750847991899e-06 -3.49073511208633e-05 4.58763231988634e-05 5.83023474762726e-05 5.51157738140795e-05 3.0309468361813e-05 -1.20970570630914e-05 -6.97672007583565e-06 -1.47246066119906e-06 1.86535258440959e-05 3.09656462708646e-05 2.33305149063266e-05 1.82293856954916e-05 4.17604249624342e-05 1.942717441232e-05
"Immunityhybridfull_306-366" 0.000399503297576019 0.000211738638183619 0.000245221581464416 0.000419416311970754 0.000824497959726482 0.000848080692826272 0.000866087192722338 0.000207497856894716 0.000233267560664069 0.00021925619447644 0.000244632112385654 0.000337412888474698 0.000572494515586173 0.000794179476425325 0.000851601899565315 0.000852643855677933 0.000245913097490684 0.000298663028512807 0.000647175555046254 0.000839991840167926 0.000855821543971478 0.000870122012092975 0.000232308087447019 0.000253998434858048 0.000327853738273109 0.000391797001334696 0.000524961012372118 0.0176113167139498 0.000801935431251114 0.00085471332411223 0.00085545780743625 0.000253146273677397 0.000479578131200462 0.000781604800412908 0.0005798752360834 0.000251997107978663 0.000240465863694094 0.000270662708368104 0.000445063589075711 0.00084863825242785 0.000897642609375265 -1.86938698961937e-05 -1.88723603724076e-05 -1.91154436556172e-05 -1.74946899024167e-05 -1.24360458304938e-05 -1.88988685069998e-06 -2.66097221829061e-05 6.94094665942659e-06 2.69991239779054e-05 3.47805925756216e-05 2.06680890032335e-05 -7.95992812874343e-06 -3.25456876511016e-06 8.43231169783909e-07 2.0638099191791e-05 3.36243868584608e-05 2.09904902044987e-05 1.14223588563889e-05 1.71099323132237e-05 2.52589829074228e-05
"Immunityhybridfull_367-427" 0.000450173514405341 0.000179958413277097 0.000216973722957858 0.000405261591693112 0.00102333073587418 0.00120437491670811 0.00126842125017098 0.000170923698370385 0.000198129258187991 0.000182908865722101 0.000218850879430916 0.000344206027587114 0.000633217545232475 0.00106553960019098 0.00119834416156945 0.00119474900391208 0.000223646193671248 0.000279490515093028 0.000732286916173735 0.00111877441933869 0.00122312985234186 0.0012694223575992 0.000199445691110961 0.000222078668515291 0.000318340219970014 0.000435093058599668 0.000641401696911544 0.000801935431251114 0.0288656760300961 0.0011965926193546 0.00119210539078175 0.000219041420465238 0.000506584939072249 0.00101202987048962 0.000750092064249762 0.000239513442093864 0.000206872559729634 0.000241434017448119 0.00049103142302675 0.00123890381570919 0.00125809866766529 -1.84753110880768e-05 -1.8396454756322e-05 -1.83850284852952e-05 -1.51594369602786e-05 -8.16334245596434e-06 2.96099015120472e-06 -2.04492078822401e-05 2.97972961965057e-05 4.58822924194245e-05 4.48627778558726e-05 2.6921926848791e-05 -1.39371777428493e-05 -1.19111299440638e-05 -3.84010476153499e-06 1.6052237590489e-05 2.83713588221572e-05 1.24842123425127e-05 1.39394005635677e-06 7.07141773641876e-06 1.50560366499183e-05
