"Immunity_other" "Immunityboost_001-061" "Immunityboost_062-122" "Immunityboost_123-183" "Immunityboost_184-244" "Immunityboost_245-305" "Immunityboost_306-366" "Immunityboost_367-427" "Immunityboost_428-488" "Immunityfull_062-122" "Immunityfull_123-183" "Immunityfull_184-244" "Immunityfull_245-305" "Immunityfull_306-366" "Immunityfull_367-427" "Immunityfull_428-488" "Immunityfull_489-549" "Immunityhybridboost_001-061" "Immunityhybridboost_062-122" "Immunityhybridboost_123-183" "Immunityhybridboost_184-244" "Immunityhybridboost_245-305" "Immunityhybridboost_306-366" "Immunityhybridboost_367-427" "Immunityhybridboost_428-488" "Immunityhybridfull_062-122" "Immunityhybridfull_123-183" "Immunityhybridfull_184-244" "Immunityhybridfull_245-305" "Immunityhybridfull_306-366" "Immunityhybridfull_367-427" "Immunityhybridfull_428-488" "Immunityhybridfull_489-549" "Immunityinf_062-122" "Immunityinf_123-183" "Immunityinf_184-244" "Immunityinf_245-305" "Immunityinf_306-366" "Immunityinf_367-427" "Immunityinf_428-488" "Immunityinf_489-549" "Immunitysecboost_001-061" "Immunitysecboost_062-122" "Immunitysecboost_123-183" "Immunitysecboost_184-244" "AgeGr0-11" "AgeGr12-15" "AgeGr16-17" "AgeGr18-24" "AgeGr25-29" "AgeGr30-34" "AgeGr35-39" "AgeGr45-49" "AgeGr50-54" "AgeGr55-59" "AgeGr60-64" "AgeGr65-69" "AgeGr70-74" "AgeGr75-79" "AgeGr80+" "SexM"
"Immunity_other" 0.00321452415959616 0.000389258326843549 0.00048777394551198 0.000337266693943425 0.000210738064021199 0.000257784813790673 0.000402898597259426 0.000695701526117435 0.000915080009206539 0.000495092237215581 0.000381469917274053 0.000321458371539179 0.000357508702882397 0.000466802392326814 0.000423185009006172 0.000393657984751815 0.00052444457945692 0.000426676277324818 0.0005849299799265 0.000554614736344918 0.000344325711984469 0.000361405388997591 0.000547711520582995 0.000777719454138329 0.000928696314851936 0.000520627353138587 0.000433965157604916 0.000328689808129461 0.000372717506811092 0.000514470927524713 0.000610412873532654 0.000619196297188103 0.000634612214099206 0.000557748465768585 0.000478290676638484 0.000424674447148925 0.000512811216690155 0.000690117995419429 0.000897040548696863 0.00100621786497313 0.000406967102863492 0.000415252600135576 0.000657022696395611 0.000816154464487436 0.000944340352472006 -0.000252974897802982 -3.90041096711718e-05 -1.58052279313442e-06 1.5739954418199e-05 3.44208009096767e-06 6.30913510700297e-06 8.34252196849285e-06 9.977763353936e-06 1.6195212146794e-05 2.38464982334625e-05 3.73745555422067e-05 5.6635086735975e-05 5.51067264575288e-05 5.66623210165462e-05 7.55237769761514e-05 1.49810530191493e-05
"Immunityboost_001-061" 0.000389258326843549 0.0773208832004304 0.000404907442977751 0.000331688191004629 0.000281275777945052 0.000329719200123777 0.000423887981728629 0.000465884408349408 0.000431594441896565 0.000343495286563264 0.00022776948783459 0.000263849514948928 0.00035290123615941 0.000400041048778644 0.000367951853892067 0.000396323327422568 0.000439486468735257 0.000421892577845242 0.000440333042582317 0.000389212627380496 0.000348617714978393 0.00038583114295904 0.000449365319519831 0.000458451720759904 0.000433417647645893 0.000416415935509236 0.000340395246796629 0.000332159320552636 0.00038182540971948 0.000428710098045574 0.000432308481458031 0.000430511708653772 0.00045087673584423 0.00039758537772318 0.000298213252474873 0.000259945625405864 0.000302738904698075 0.00035321068167353 0.000368366608873105 0.0003357273283862 0.000242074211575235 0.000418987800578057 0.000453719551919014 0.000445494236128352 0.00042755993209686 0.000194273728332637 -7.62138074849837e-05 -7.95462290532497e-05 -4.86224650202042e-05 -1.32041039747196e-05 -1.38643698257544e-05 -3.85652311913454e-07 2.05493968384352e-06 1.0221805088806e-05 1.27614624119112e-05 -6.86652072590753e-07 -1.17159499094556e-05 -4.97276503940525e-06 3.70489705774966e-06 3.530072656315e-05 3.09926233140891e-07
"Immunityboost_062-122" 0.00048777394551198 0.000404907442977751 0.0838042466048425 0.000378771799726631 0.00029805287756823 0.000313808475599184 0.000414720139098468 0.000607080318060435 0.000676010804766711 0.00039468335979898 0.000252827689811758 0.000266741657604527 0.000342836034012113 0.000443204541095723 0.000426727888013223 0.000408784590093857 0.000501716596485285 0.000433173517691149 0.000530609911111996 0.000497241734862633 0.000369175429837399 0.000387500249057793 0.000512435459359437 0.000641778018034645 0.000681610853399576 0.000475579038229023 0.000408068928181038 0.000346300312805807 0.000391381300453296 0.000488299538898551 0.000546662355630424 0.000540124002242903 0.000566990663289519 0.000451426068762196 0.000361581423108694 0.000261243088889418 0.000300804956237296 0.000411771214335536 0.000522188247703126 0.000556335889770204 0.000260158656750634 0.000424458331553909 0.000572248972298521 0.000646933929309218 0.00067955247456717 0.000246793859478925 -0.000149781056404119 -0.000164456760055618 -8.99102783085099e-05 -3.22167822013858e-05 -2.20305696334747e-05 -3.06948615707128e-06 9.02814109264494e-06 2.84307401976763e-05 4.17566048089113e-05 3.52018542772972e-05 2.82116287405072e-05 3.65315197373983e-05 4.69975777258064e-05 8.47250674234278e-05 -8.2101015759518e-07
"Immunityboost_123-183" 0.000337266693943425 0.000331688191004629 0.000378771799726631 0.0183329913854377 0.000450170011276173 0.00033209880135627 0.000307322114799881 0.000379023718703252 0.000437017198944923 0.000346811607946405 0.00037073547200063 0.000340831078640245 0.000325614704781353 0.00037977077861367 0.0004072732265455 0.000357677884598163 0.000363693320435721 0.000317391414331083 0.000361546374025231 0.000399831746748692 0.000374813648890837 0.000340089509171705 0.000359504880152511 0.000420607034003112 0.000451481427719246 0.000367898654111572 0.000422857237224385 0.000388151155512858 0.00036984090369929 0.000385875354174436 0.000417909279130905 0.000411709333807914 0.000408906588521667 0.000331399348722715 0.000377737688307341 0.000285507186871695 0.000253383936839138 0.000265691782030072 0.000308320200375308 0.000362813865694067 0.000320016286439032 0.000306432872043888 0.000359462692600084 0.000403695578967804 0.000444159438509913 0.000347475819006196 -0.000128438689548893 -0.0002260135843541 -8.22155538200202e-05 -5.28602636668171e-06 8.44825812969414e-06 1.57691963422034e-05 5.15794777330204e-06 2.55395814822657e-05 5.49567787260535e-05 7.43295248382315e-05 8.0084346871617e-05 0.000109433218237402 0.000133582228009715 0.000193720982615982 3.6147563987968e-06
"Immunityboost_184-244" 0.000210738064021199 0.000281275777945052 0.00029805287756823 0.000450170011276173 0.00203103420968557 0.000360821993167003 0.000242962034067002 0.000225588934950439 0.000220512473852596 0.000283579850358194 0.000393762840051183 0.000371859616767525 0.000293315372072551 0.00030156963464444 0.000359866935157803 0.000303158447618376 0.00026121110144316 0.000252890429854366 0.000244144738987023 0.000314865621957175 0.000367899706287335 0.000309110621619187 0.000248404312648117 0.00024246631007558 0.000232107390926906 0.000268422994101544 0.000384409140354187 0.000373316077548942 0.000324260590409053 0.000279171990194716 0.000285955552582729 0.000276715664621678 0.000263903169456556 0.000229120869089887 0.000345629238644536 0.000277512650314182 0.000199447496713792 0.000136406436674371 0.000118038633913366 0.000147889013375014 0.000337840957808231 0.000245465014799632 0.000215940610646941 0.000214522196161037 0.000219614985401872 0.000291308660763197 4.31859346903614e-05 -1.68833175550203e-05 2.28573305640791e-05 6.92517288375085e-05 5.99084845201479e-05 4.27026115937499e-05 -1.80002341707712e-05 -2.07105152173542e-05 -1.56550402301085e-05 -1.35283138044844e-05 -3.04226360466544e-05 7.11710564974572e-06 4.7533067238196e-05 0.000126677363095684 -1.13535597080302e-06
"Immunityboost_245-305" 0.000257784813790673 0.000329719200123777 0.000313808475599184 0.00033209880135627 0.000360821993167003 0.000818472943769321 0.000331389120716403 0.000275197643301429 0.000270341607876207 0.000274195322739669 0.000254192034222122 0.000309141027592597 0.000335520139518377 0.000300927764789502 0.000337833473044455 0.000349741704573692 0.000307078676500298 0.000324098751017683 0.000295660960208827 0.000312314996312608 0.000358841389196352 0.000355008776920947 0.000307639009246771 0.0002788170038707 0.0002752894128655 0.000297516831894589 0.000312850476467741 0.000347987630759329 0.000340546889218157 0.000311954151841976 0.000302832708917247 0.000312060126295201 0.000292829435380383 0.000266967114474055 0.00027091807777108 0.00027250002071745 0.000237684975554793 0.000198000127006113 0.000158464361685515 0.000165696378393578 0.000273681632461872 0.000323039730683327 0.000280390102400919 0.000267627078799997 0.000270826554792181 0.000202400651749437 3.15326069217435e-05 1.72497519994553e-06 2.53403751574182e-05 5.67512327775154e-05 4.7191824788112e-05 3.36414515562512e-05 -1.79423048276872e-05 -2.25373095478483e-05 -2.76288435150384e-05 -4.58204955881532e-05 -7.08013458737814e-05 -5.9763827816693e-05 -3.92784445576631e-05 2.63909058038119e-05 -5.11719843817927e-06
"Immunityboost_306-366" 0.000402898597259426 0.000423887981728629 0.000414720139098468 0.000307322114799881 0.000242962034067002 0.000331389120716403 0.00105761389232075 0.000492646739774668 0.000447869867451871 0.000336633788164382 0.000182253192551168 0.000229660701635415 0.00035811923203494 0.00040379533614382 0.000350732949120018 0.00041475219478871 0.000463968606020068 0.000464189624745683 0.000472894122745974 0.000392316930178527 0.000347860115854147 0.000407301696850058 0.0004868825027872 0.000473849893423277 0.000446895203005293 0.000433553242046635 0.000312730401328362 0.00030627989508233 0.000383382227584485 0.000441625394295819 0.000432276364562984 0.000442006018490008 0.000461531563471062 0.000418191880875975 0.000268229745925983 0.000233617908960494 0.000304240153353295 0.000364496919642629 0.000364578901302213 0.000317325905620023 0.000204519776472058 0.000464190348946871 0.000490887010809629 0.000465967442618444 0.00044432882855803 0.000157663141261062 3.57639552521069e-05 1.32166802532791e-05 3.08257491407194e-05 5.37157204570931e-05 4.2856997955844e-05 3.00761848958506e-05 -1.5262244113296e-05 -2.01634426462776e-05 -2.66220394286763e-05 -4.49119424755996e-05 -6.51982216606033e-05 -7.63017595070056e-05 -7.70859837557949e-05 -2.68250084817513e-05 -5.70030581486387e-06
"Immunityboost_367-427" 0.000695701526117435 0.000465884408349408 0.000607080318060435 0.000379023718703252 0.000225588934950439 0.000275197643301429 0.000492646739774668 0.00221307878571371 0.00109303475022268 0.000477149641724883 0.000197800942771441 0.000191083024965821 0.000305709093250287 0.000516238226436117 0.000470498859131375 0.000435441313525249 0.00067438879946877 0.000546511218747308 0.000775880141016511 0.000692274771075537 0.000375835955654335 0.000416876612232012 0.000703964247674335 0.00101322184934564 0.00108793572379961 0.000617036124021066 0.000453989111831427 0.000278043390636601 0.000375597381577501 0.000602824980999776 0.000738499612439709 0.000719847863717094 0.000793541086774258 0.000602821513117588 0.000413533851981669 0.000202278034848031 0.000296109249756306 0.000561104608822899 0.00082694227955627 0.000882876134152156 0.000210231789804208 0.000535831683471439 0.000884536562644627 0.00105523947767671 0.00108961871061382 0.000117438571805497 6.20354891204373e-05 4.44136330240533e-05 4.8296511720559e-05 5.96139593439403e-05 4.52183352819162e-05 2.98774690122426e-05 -1.85999251923993e-05 -2.66968589614053e-05 -4.23664412339214e-05 -7.26889359431314e-05 -9.71226257097535e-05 -0.000116428356915295 -0.000117820727385361 -6.9828562894101e-05 -1.70031823201795e-06
"Immunityboost_428-488" 0.000915080009206539 0.000431594441896565 0.000676010804766711 0.000437017198944923 0.000220512473852596 0.000270341607876207 0.000447869867451871 0.00109303475022268 0.00571570656749953 0.000529155454224683 0.000223392807254158 0.000185473279237197 0.000277341526683298 0.000478428479956395 0.000548033514535453 0.000455595031066183 0.000681217569052078 0.000504053460636041 0.000884580047605475 0.000952597802129888 0.000454069198849214 0.000394508806065288 0.000739976608464741 0.00137269811795203 0.00205999992429612 0.000634020344717768 0.000547276154084137 0.000285522378372374 0.000331766664141927 0.000609278262296769 0.000901923091010138 0.0010015950779755 0.000931386266125528 0.000615096324596797 0.000511265743487163 0.000219051240303675 0.00025953194302816 0.000574961806891776 0.00108831273155149 0.0016055305143547 0.000264135233821509 0.000490889899034316 0.00106762430242908 0.00158968330079171 0.00217952332698803 5.51300749583e-05 5.44432200759833e-05 4.23462681249451e-05 4.42685121853164e-05 4.5438905130804e-05 3.47188271912718e-05 2.20802036122674e-05 -9.6505723452604e-06 -1.66052578802567e-05 -3.26629282490368e-05 -7.75519459256154e-05 -0.000104117962176439 -0.000158120509496187 -0.000182197249985704 -0.000151382400384457 -2.63260210072163e-06
"Immunityfull_062-122" 0.000495092237215581 0.000343495286563264 0.00039468335979898 0.000346811607946405 0.000283579850358194 0.000274195322739669 0.000336633788164382 0.000477149641724883 0.000529155454224683 1.00044529070898 0.000443848534359357 0.000379034469829823 0.000361753157984023 0.000422725895206317 0.000381404863350346 0.00034865859410285 0.000411064257573456 0.000351372013208218 0.00042296586727646 0.000407720903084791 0.000319770413512303 0.000326098048455787 0.000412466213927974 0.000507479573540106 0.000535907887900781 0.000423318496683602 0.000399590567072487 0.000352096234476662 0.000363077326542115 0.000424854620092887 0.000461478357102921 0.000447605306837967 0.000466885990217003 0.000458837599964789 0.000450556810046092 0.000454516863040179 0.000507985782331107 0.000592977876273795 0.000688782526869979 0.000711018810556457 0.000440708067909612 0.000342661909739634 0.000448718287031681 0.000504919691790342 0.000532219521522508 -0.000247602615055454 -0.000397977313223413 -0.000198791318866426 -9.48527439088491e-05 -8.07271108162768e-05 -8.90149135179481e-05 -3.55472596010181e-05 2.74049990600881e-05 4.06899104981405e-05 6.03877996132043e-05 6.2564541783543e-05 6.94693851268414e-05 7.73458883296936e-05 8.94031783836973e-05 0.000113191902250446 1.1909140982932e-05
"Immunityfull_123-183" 0.000381469917274053 0.00022776948783459 0.000252827689811758 0.00037073547200063 0.000393762840051183 0.000254192034222122 0.000182253192551168 0.000197800942771441 0.000223392807254158 0.000443848534359357 0.0562526626870197 0.000529539061628524 0.000346016294043489 0.000341225377816227 0.000314423985763849 0.000240816246749221 0.000219615839677313 0.000191804026520452 0.000204194235597054 0.000259055466117401 0.000277077097292729 0.000229268289685159 0.000204134624958292 0.000223114093202013 0.000233573974150435 0.000283468196834175 0.000391940753485393 0.000365578700285239 0.000300849314222377 0.000272091785540135 0.000272314241001372 0.0002518404214672 0.000245069824056217 0.000365198817513779 0.000534690758314951 0.000627300150861275 0.000637938278536252 0.000625301366745009 0.000661144362848907 0.000687751696413047 0.00064160637281138 0.000183310047751399 0.000187816529019506 0.000205152654231707 0.000225756120610156 -0.000669658728877065 -0.000478833291016419 -0.000215219827928642 -0.000111394778893016 -8.8273923953053e-05 -6.67167381837716e-05 -2.48774206525971e-05 1.91810148183007e-05 3.51404317331178e-05 4.90529571701936e-05 6.00949005806223e-05 7.40770544855831e-05 9.60321226962574e-05 0.000117246151774561 0.000149058644686451 1.24636319700285e-05
"Immunityfull_184-244" 0.000321458371539179 0.000263849514948928 0.000266741657604527 0.000340831078640245 0.000371859616767525 0.000309141027592597 0.000229660701635415 0.000191083024965821 0.000185473279237197 0.000379034469829823 0.000529539061628524 0.0136220910666078 0.000364142792522541 0.000332053687848266 0.000333468458226191 0.000290211619897512 0.000242999138109095 0.000230070331102685 0.000211597737289068 0.000255504981583988 0.000309284684201682 0.000280455395449602 0.00022732980178053 0.000208408473005411 0.000195791794676361 0.000282386235873823 0.000363097979112972 0.000386804276789286 0.0003365349455107 0.000292538270208369 0.000280919118946629 0.000267058088371343 0.000253749408866414 0.000319517528075593 0.000433097693150307 0.000522207389867921 0.000510753345924004 0.000473425326789879 0.000463517326008422 0.000471333214866542 0.000519126836676997 0.000222991708951671 0.00018663704581362 0.000180348415305212 0.000184077689587229 -0.000303819516179738 -0.000459236943458267 -0.000263213090495609 -0.000131613749262988 -8.38607799248568e-05 -6.03054709183192e-05 -2.4545386737867e-05 1.83280129471361e-05 3.3667585062956e-05 5.00037289545789e-05 6.07299179097559e-05 7.45413006557115e-05 0.000102893508688525 0.000124037771042888 0.000167444256247377 6.33986860099883e-06
"Immunityfull_245-305" 0.000357508702882397 0.00035290123615941 0.000342836034012113 0.000325614704781353 0.000293315372072551 0.000335520139518377 0.00035811923203494 0.000305709093250287 0.000277341526683298 0.000361753157984023 0.000346016294043489 0.000364142792522541 0.00720948045565629 0.000390910148647361 0.000372574126277308 0.000387038124285633 0.000355745834139246 0.000342359089438869 0.000320321728434328 0.000305932097854171 0.000343178009822372 0.00036455775113745 0.00035509014392748 0.000318086210609127 0.000288889414618096 0.000367196574904787 0.000350830773576078 0.000400612599276895 0.000407670132832381 0.000399451562492686 0.000378597984527789 0.000377239224046029 0.00037012441334096 0.000368633843267379 0.000348300497120323 0.000412569764087849 0.000438101695608849 0.00043517565366519 0.000406870527353525 0.000387464341729341 0.000373263782095195 0.000334716873091222 0.000304163376923813 0.000280425053561068 0.00027504085525478 5.1904436964437e-05 -0.000425019485466253 -0.000283673680884649 -0.000170934107363261 -9.83064499703161e-05 -6.84031584971451e-05 -3.06997669143314e-05 2.292172262178e-05 4.46396035363583e-05 6.75583565607563e-05 8.58448571075319e-05 0.000103022357836466 0.000132818490808887 0.000152761007357999 0.000204179439787768 -1.50424974200165e-06
"Immunityfull_306-366" 0.000466802392326814 0.000400041048778644 0.000443204541095723 0.00037977077861367 0.00030156963464444 0.000300927764789502 0.00040379533614382 0.000516238226436117 0.000478428479956395 0.000422725895206317 0.000341225377816227 0.000332053687848266 0.000390910148647361 0.00772783461802556 0.000429266975411386 0.000414301655503161 0.000480470796424519 0.000413150725967053 0.000465969306455916 0.000420173205011504 0.000353523935473875 0.000383441112430495 0.000480901343836446 0.00052992380215696 0.000488772945219921 0.000472890996404593 0.000417081986373818 0.000393620460036917 0.000434298268241754 0.00050144844717334 0.000521269231700569 0.000497674525118563 0.000534445793457578 0.00046686721734422 0.000396538463528803 0.000363782597023441 0.000425384079507059 0.000508821357241866 0.000568311441428318 0.000535957613648078 0.000342696062681174 0.000400606345778681 0.000480771872278389 0.000491046968039875 0.000470390981298522 0.000156414551601705 -0.000518225985816274 -0.000401381284822008 -0.00025265871640617 -0.000136533690502951 -8.61547592647613e-05 -4.12487563736252e-05 3.09734045322526e-05 5.61939770088855e-05 8.18686268796581e-05 0.000102923524067063 0.000123660294545281 0.00015231703759069 0.000171037765922479 0.000224611283258276 -2.5833750319842e-06
"Immunityfull_367-427" 0.000423185009006172 0.000367951853892067 0.000426727888013223 0.0004072732265455 0.000359866935157803 0.000337833473044455 0.000350732949120018 0.000470498859131375 0.000548033514535453 0.000381404863350346 0.000314423985763849 0.000333468458226191 0.000372574126277308 0.000429266975411386 0.0040470280709174 0.000407039594664002 0.00043308121936336 0.000362137636478192 0.000427600508798891 0.000442160745365601 0.000386136916060281 0.000377586989841236 0.000431062176895846 0.000527644003020734 0.000564934919449963 0.000427739009629068 0.000433113868660765 0.000417701300807823 0.000419550710017702 0.000463582770439396 0.000509556148095392 0.000501654523196944 0.000504624205090508 0.000393431175410728 0.000382118025054115 0.000325848455307534 0.000322110911091183 0.000374522710954135 0.000446636614086119 0.000502006931693746 0.000325647385273694 0.000347837574319029 0.000440024356896391 0.000506852308860471 0.000553890106660903 0.000364428913875702 -0.000268877049123488 -0.000319242073286922 -0.000189086788715079 -6.68836272162556e-05 -4.01743703324564e-05 -1.64165304904862e-05 3.73534289786775e-05 6.69339763149645e-05 9.81824727703539e-05 0.000124042728460195 0.00014658925062972 0.000184115289682133 0.000209349440562189 0.000271529065180676 6.6663988908271e-07
"Immunityfull_428-488" 0.000393657984751815 0.000396323327422568 0.000408784590093857 0.000357677884598163 0.000303158447618376 0.000349741704573692 0.00041475219478871 0.000435441313525249 0.000455595031066183 0.00034865859410285 0.000240816246749221 0.000290211619897512 0.000387038124285633 0.000414301655503161 0.000407039594664002 0.00328523362166111 0.000435767389766243 0.00040460084129185 0.000421270768804219 0.000395678404318283 0.000378292491597119 0.000405129508390817 0.000445923322783324 0.000463344791571492 0.000470687200724949 0.000422956269655922 0.000372859279343406 0.000389278549518661 0.000423034099774058 0.000455875273180744 0.000463574567984686 0.000471475828720933 0.000469599806710126 0.000391845491482391 0.000315842666543834 0.000294324659047696 0.000320470455948043 0.000355391250737682 0.000367238426525137 0.000375305756337727 0.000269961764637154 0.000395228781194987 0.000424100284482277 0.000435853611406917 0.000461403611047515 0.000340110720120402 -6.19133582082285e-05 -0.000127177434517693 -5.64545342539979e-05 2.38382153769609e-05 2.47409943342172e-05 2.26803702862601e-05 1.38076820177153e-05 2.81188954717596e-05 5.05664191693424e-05 7.07877817139529e-05 8.57106093491897e-05 0.000115317673835175 0.000139210199503658 0.0002029764357743 8.10096203268687e-06
"Immunityfull_489-549" 0.00052444457945692 0.000439486468735257 0.000501716596485285 0.000363693320435721 0.00026121110144316 0.000307078676500298 0.000463968606020068 0.00067438879946877 0.000681217569052078 0.000411064257573456 0.000219615839677313 0.000242999138109095 0.000355745834139246 0.000480470796424519 0.00043308121936336 0.000435767389766243 0.00470911703936211 0.000482796259491537 0.000582057896755763 0.000511626100574528 0.000368685623932188 0.000414165712792427 0.000574259285806617 0.000691495532455953 0.000686821416581279 0.000523439510068395 0.000408730606253152 0.000342547545944891 0.00041651459409368 0.000536912838839157 0.000589824726786424 0.000575687636928712 0.000624237175481056 0.000501071289483133 0.000356452970048217 0.000252280687919443 0.000324321645726432 0.00046331979966461 0.000575774855701169 0.000561659208913254 0.000238174336802079 0.000472832059014399 0.000627250429296527 0.000679254906035738 0.000675555197046246 0.000277893575117325 8.69614332049808e-06 -7.7084427350542e-05 -2.36341805504161e-05 3.62222306183237e-05 3.08172878638827e-05 2.48092892568517e-05 1.11232403279635e-05 2.07845597892899e-05 3.51784905821915e-05 4.66270621251969e-05 5.49005528243366e-05 6.27260992258481e-05 7.25096293073861e-05 0.00012113151957591 1.42590774012564e-05
"Immunityhybridboost_001-061" 0.000426676277324818 0.000421892577845242 0.000433173517691149 0.000317391414331083 0.000252890429854366 0.000324098751017683 0.000464189624745683 0.000546511218747308 0.000504053460636041 0.000351372013208218 0.000191804026520452 0.000230070331102685 0.000342359089438869 0.000413150725967053 0.000362137636478192 0.00040460084129185 0.000482796259491537 0.0267831864455578 0.000502399726275092 0.000425211061729196 0.000347657704365435 0.000400292811657998 0.00050209408403164 0.000528948859983636 0.000502242714403211 0.000446675325821357 0.000330231400964899 0.000298817241899696 0.000373555427807118 0.000449415823889565 0.000460579767514588 0.000459656121451174 0.000492115396742394 0.000431908172778302 0.000288455223546218 0.000227815249041545 0.000294006940219518 0.000376252484186162 0.000412615480167788 0.000366754235679735 0.000209389096580291 0.00046641893644541 0.000530509602987502 0.000526129241157557 0.000501353276113681 0.00014187687249129 2.08051454961337e-05 -3.33555432726027e-06 2.33591233964743e-05 4.19034044170731e-05 3.41286098369725e-05 2.47164142005784e-05 -1.07407537027079e-05 -1.60228252459827e-05 -2.93540799899463e-05 -6.49621169075614e-05 -8.69650996529866e-05 -9.22231872716045e-05 -9.208272195564e-05 -4.85422618250846e-05 -2.20254069667329e-05
"Immunityhybridboost_062-122" 0.0005849299799265 0.000440333042582317 0.000530609911111996 0.000361546374025231 0.000244144738987023 0.000295660960208827 0.000472894122745974 0.000775880141016511 0.000884580047605475 0.00042296586727646 0.000204194235597054 0.000211597737289068 0.000320321728434328 0.000465969306455916 0.000427600508798891 0.000421270768804219 0.000582057896755763 0.000502399726275092 0.0250446203841164 0.000586824869322461 0.000368932762318551 0.000405699561397058 0.000610005347225706 0.000812251963002531 0.000884135153416816 0.000538201346442821 0.000406750924464494 0.0002907823704011 0.000372139829221418 0.00053224253340233 0.000620757852954032 0.000618996011477864 0.000662362386506524 0.00052295473577373 0.000366017228698694 0.000216228468538947 0.000292363901547778 0.000475377465202376 0.000650975258115727 0.000697237876986011 0.000216703682858112 0.00049576592583209 0.000730661489977268 0.000846367173005679 0.000891690501702585 0.000135306885641158 4.1555795824824e-05 1.50756881750135e-05 3.63058704319215e-05 4.80606981797782e-05 3.74011609498038e-05 2.61722978425132e-05 -1.34491964011753e-05 -2.0389342747575e-05 -3.34342042293898e-05 -5.97522745738444e-05 -7.80902712164677e-05 -9.1048757903707e-05 -0.000100938528269565 -5.66275190908543e-05 -1.98490969362877e-05
"Immunityhybridboost_123-183" 0.000554614736344918 0.000389212627380496 0.000497241734862633 0.000399831746748692 0.000314865621957175 0.000312314996312608 0.000392316930178527 0.000692274771075537 0.000952597802129888 0.000407720903084791 0.000259055466117401 0.000255504981583988 0.000305932097854171 0.000420173205011504 0.000442160745365601 0.000395678404318283 0.000511626100574528 0.000425211061729196 0.000586824869322461 0.0249848731456587 0.000390231516241103 0.000376099727720615 0.000533007508292183 0.000782407241481299 0.000966769530591164 0.000482240847686814 0.000436381431687932 0.000321888857917422 0.00035228591958493 0.000479691664390683 0.000595800211886143 0.000611871013165129 0.00061397595755547 0.00045739442583617 0.00039581777389059 0.000242187298745608 0.000258833812229895 0.000402723436409753 0.000603953435348606 0.000754297356569485 0.000267232034672061 0.000416019501671686 0.000657306779384178 0.000838276126338213 0.000992486852519424 0.000181597635869957 5.4879772006409e-05 1.30778409025687e-05 4.1506792402971e-05 5.47654893428024e-05 4.44652104570711e-05 3.15175457782248e-05 -1.43676866002958e-05 -1.85785794320616e-05 -2.63124513744337e-05 -3.87811765552874e-05 -4.47389069536331e-05 -4.86152136865997e-05 -5.30933125546087e-05 -3.60971143820727e-06 -1.5895002426683e-05
"Immunityhybridboost_184-244" 0.000344325711984469 0.000348617714978393 0.000369175429837399 0.000374813648890837 0.000367899706287335 0.000358841389196352 0.000347860115854147 0.000375835955654335 0.000454069198849214 0.000319770413512303 0.000277077097292729 0.000309284684201682 0.000343178009822372 0.000353523935473875 0.000386136916060281 0.000378292491597119 0.000368685623932188 0.000347657704365435 0.000368932762318551 0.000390231516241103 0.0117438207489721 0.000369658002153783 0.00037621848259333 0.000418405637155299 0.000470171158344483 0.000360919992089111 0.000371397645174742 0.000371540071152598 0.000371292247395729 0.000380927491377689 0.000404506436439859 0.000418213382514742 0.000399975728933696 0.00032767914953154 0.000323292419962327 0.000282919504196572 0.000262832285468033 0.000267715155493405 0.000291386123812653 0.000346478906966095 0.000290774622773363 0.000340075005431594 0.000369732074561501 0.00041002905574043 0.000471430612314269 0.000287620555415032 9.95161746989848e-05 4.46205077686316e-05 6.71869995105734e-05 8.84534500848168e-05 7.50752395435552e-05 5.21719050660548e-05 -2.12712234387271e-05 -1.83548087306845e-05 -1.44527810656362e-05 -3.18000204079354e-07 2.27592166295657e-05 4.61164373150082e-05 6.23021585298801e-05 0.000128180854506185 -1.12851002065356e-05
"Immunityhybridboost_245-305" 0.000361405388997591 0.00038583114295904 0.000387500249057793 0.000340089509171705 0.000309110621619187 0.000355008776920947 0.000407301696850058 0.000416876612232012 0.000394508806065288 0.000326098048455787 0.000229268289685159 0.000280455395449602 0.00036455775113745 0.000383441112430495 0.000377586989841236 0.000405129508390817 0.000414165712792427 0.000400292811657998 0.000405699561397058 0.000376099727720615 0.000369658002153783 0.01010667201277 0.000426922228558975 0.000426379712169794 0.000403811124591474 0.000397630114585509 0.000347178382905825 0.00036020227048481 0.000394567666916034 0.000419844809798162 0.000419939696043945 0.000425442987892327 0.000429700158661304 0.000369544463928272 0.00029610218456412 0.000273725556443069 0.00029387588252159 0.000318165174138019 0.000314240004526889 0.000298892591308876 0.000257452038141454 0.000393655712421068 0.000406041339151629 0.000398519558010867 0.000391252267581169 0.000272394832398039 0.000110591053287407 6.86088072376371e-05 7.88182297901215e-05 9.67496745338015e-05 8.13035898959524e-05 5.61053184190879e-05 -2.50288306253929e-05 -2.46954653702446e-05 -2.53689406793512e-05 -1.56274688244719e-05 1.21241570791494e-05 3.39847470127934e-05 5.35291596265073e-05 0.000115680517365924 -8.1996831124839e-06
"Immunityhybridboost_306-366" 0.000547711520582995 0.000449365319519831 0.000512435459359437 0.000359504880152511 0.000248404312648117 0.000307639009246771 0.0004868825027872 0.000703964247674335 0.000739976608464741 0.000412466213927974 0.000204134624958292 0.00022732980178053 0.00035509014392748 0.000480901343836446 0.000431062176895846 0.000445923322783324 0.000574259285806617 0.00050209408403164 0.000610005347225706 0.000533007508292183 0.00037621848259333 0.000426922228558975 0.0178424993892971 0.000730894317599757 0.000747151533565384 0.000536892650500675 0.00040497587481182 0.000330095705574172 0.000414881943236438 0.000547515432250515 0.000604107704583545 0.000601192124542237 0.000643707086200349 0.000516739173050896 0.000353690474850191 0.000242555493418044 0.000325320249898864 0.000476370044540646 0.000596856917760974 0.000599382078000017 0.000227801970869407 0.000491746222965073 0.000661462069564886 0.000725278222469919 0.000739592134338154 0.000243930521682555 0.000131203448092269 9.44949186378661e-05 9.24169151853922e-05 0.000102102834582285 8.4309986384601e-05 5.68000142351093e-05 -2.49836240004172e-05 -2.51407357283109e-05 -2.63449782551222e-05 -1.66009629368763e-05 1.26370909566055e-05 1.93051447914172e-05 2.96120685649633e-05 8.23695058344473e-05 -6.75073595061556e-06
"Immunityhybridboost_367-427" 0.000777719454138329 0.000458451720759904 0.000641778018034645 0.000420607034003112 0.00024246631007558 0.0002788170038707 0.000473849893423277 0.00101322184934564 0.00137269811795203 0.000507479573540106 0.000223114093202013 0.000208408473005411 0.000318086210609127 0.00052992380215696 0.000527644003020734 0.000463344791571492 0.000691495532455953 0.000528948859983636 0.000812251963002531 0.000782407241481299 0.000418405637155299 0.000426379712169794 0.000730894317599757 0.0238766198724531 0.00138994483732874 0.00064423402309376 0.000516849636050448 0.00032169935084251 0.000397416637751808 0.000641058800799173 0.00082859310225671 0.000842264895031456 0.000872700559729089 0.000621574302854606 0.000468768943913364 0.000234057603282204 0.000307111195377449 0.000590406029668583 0.000935157687129576 0.00113613312889136 0.000251132849199265 0.000510541146281714 0.000937084471444428 0.00121850243560192 0.00141556173840382 0.000207222490620462 0.000152139715877269 0.000122923740373119 0.000107601053438195 0.000108616533237585 8.93672182701054e-05 5.91521219288665e-05 -2.89206857250486e-05 -3.27738635180223e-05 -4.33509851893706e-05 -4.38793631735055e-05 -1.39924493737605e-05 -1.41940841717562e-05 -6.73264125282944e-06 4.19561937799478e-05 -6.2702756543227e-06
"Immunityhybridboost_428-488" 0.000928696314851936 0.000433417647645893 0.000681610853399576 0.000451481427719246 0.000232107390926906 0.0002752894128655 0.000446895203005293 0.00108793572379961 0.00205999992429612 0.000535907887900781 0.000233573974150435 0.000195791794676361 0.000288889414618096 0.000488772945219921 0.000564934919449963 0.000470687200724949 0.000686821416581279 0.000502242714403211 0.000884135153416816 0.000966769530591164 0.000470171158344483 0.000403811124591474 0.000747151533565384 0.00138994483732874 0.0609478105241068 0.000642266009207932 0.000566389102268099 0.000306991133215446 0.000348709578992926 0.000623307672468968 0.000924594747160635 0.0010327245494434 0.000950218149668807 0.000620057192900586 0.00052571856903286 0.000234017548233799 0.000270417977377514 0.000581875948022532 0.00110763793155489 0.00165051052054197 0.000281156626124328 0.00048543198295757 0.00106344913091825 0.00160652711370591 0.00225109404320037 9.42064265855547e-05 8.90139002286543e-05 7.54813509521104e-05 6.96586469556638e-05 6.33544262003887e-05 5.34316307561822e-05 3.3875065507432e-05 -1.43153145862442e-05 -2.43748824799814e-05 -4.62044824431269e-05 -9.50412538467194e-05 -8.63470849011644e-05 -0.000122437840221564 -0.000129583077468149 -9.75558880538481e-05 -4.13065971791965e-06
"Immunityhybridfull_062-122" 0.000520627353138587 0.000416415935509236 0.000475579038229023 0.000367898654111572 0.000268422994101544 0.000297516831894589 0.000433553242046635 0.000617036124021066 0.000634020344717768 0.000423318496683602 0.000283468196834175 0.000282386235873823 0.000367196574904787 0.000472890996404593 0.000427739009629068 0.000422956269655922 0.000523439510068395 0.000446675325821357 0.000538201346442821 0.000482240847686814 0.000360919992089111 0.000397630114585509 0.000536892650500675 0.00064423402309376 0.000642266009207932 0.143363202801911 0.00041597393641992 0.000360108426102098 0.000417062674763858 0.000521588331607218 0.000566724567779226 0.000553959780019868 0.000593208703853016 0.000496775472041127 0.000387200541888454 0.000314247759931714 0.000383319563621674 0.000507852399368097 0.000609312494170733 0.000605919047851229 0.000297199470032556 0.000435035832961176 0.000574475162361185 0.000625823590787115 0.000627883314433047 0.000187330409742971 -9.33578090538395e-06 1.13517568305519e-05 2.43434791869433e-05 2.79119673530931e-06 -5.52006973496402e-06 -1.16915482273351e-06 4.89999447259547e-06 2.18126722372248e-05 3.87429004563466e-05 8.09796393897131e-05 0.000115981656463638 0.000130062437804626 0.000129635439407768 0.000175685155681601 1.54331469259088e-05
"Immunityhybridfull_123-183" 0.000433965157604916 0.000340395246796629 0.000408068928181038 0.000422857237224385 0.000384409140354187 0.000312850476467741 0.000312730401328362 0.000453989111831427 0.000547276154084137 0.000399590567072487 0.000391940753485393 0.000363097979112972 0.000350830773576078 0.000417081986373818 0.000433113868660765 0.000372859279343406 0.000408730606253152 0.000330231400964899 0.000406750924464494 0.000436381431687932 0.000371397645174742 0.000347178382905825 0.00040497587481182 0.000516849636050448 0.000566389102268099 0.00041597393641992 0.12544815709216 0.000407201884079145 0.000394998521650774 0.000438295979779376 0.000491865717619484 0.000481570194578101 0.000487242610457266 0.000399145117792677 0.000427999839850048 0.000366477744728227 0.000361073095991864 0.000414769551422452 0.000507160842512713 0.000572730857962153 0.000382266187190749 0.000315290556056426 0.000419350894856545 0.000497373686550884 0.000557315695613255 0.000234821520299573 -3.8515985134867e-05 -8.52561172262994e-05 -1.69828845760049e-05 -1.64725304943838e-05 -2.47216118577394e-05 -1.10973421422044e-05 1.37262508081358e-05 4.22247173924638e-05 7.44002886931885e-05 0.000138448680314028 0.000189036448608245 0.000217722192346548 0.000231213230835576 0.000282521342459529 1.67565730675605e-05
"Immunityhybridfull_184-244" 0.000328689808129461 0.000332159320552636 0.000346300312805807 0.000388151155512858 0.000373316077548942 0.000347987630759329 0.00030627989508233 0.000278043390636601 0.000285522378372374 0.000352096234476662 0.000365578700285239 0.000386804276789286 0.000400612599276895 0.000393620460036917 0.000417701300807823 0.000389278549518661 0.000342547545944891 0.000298817241899696 0.0002907823704011 0.000321888857917422 0.000371540071152598 0.00036020227048481 0.000330095705574172 0.00032169935084251 0.000306991133215446 0.000360108426102098 0.000407201884079145 0.0530897003432326 0.000432890510508766 0.000409086578812592 0.000407798419449786 0.00039976549724288 0.00038701211791564 0.000333698824568767 0.000371579227271276 0.000400315164136 0.000379321364020838 0.000356580335878149 0.000342549938621652 0.00036026567367587 0.000383931585987843 0.000284759784451966 0.000264597490837665 0.000267190939256509 0.00028608816412785 0.000380141335555184 -0.000131875950493465 -0.000382078828151936 -0.000112150459242121 -1.06928083745617e-06 -3.06619739833793e-06 -2.87215071012608e-06 3.53377051936264e-05 9.84707489535676e-05 0.000160575831234821 0.000243810239349377 0.000306953160723005 0.000345119402922148 0.000367253105769389 0.000423013715313491 1.26564881592847e-05
"Immunityhybridfull_245-305" 0.000372717506811092 0.00038182540971948 0.000391381300453296 0.00036984090369929 0.000324260590409053 0.000340546889218157 0.000383382227584485 0.000375597381577501 0.000331766664141927 0.000363077326542115 0.000300849314222377 0.0003365349455107 0.000407670132832381 0.000434298268241754 0.000419550710017702 0.000423034099774058 0.00041651459409368 0.000373555427807118 0.000372139829221418 0.00035228591958493 0.000371292247395729 0.000394567666916034 0.000414881943236438 0.000397416637751808 0.000348709578992926 0.000417062674763858 0.000394998521650774 0.000432890510508766 0.0290237481363377 0.000463800830442789 0.000455967379946111 0.000446651026152894 0.000455027965925282 0.000390091380500123 0.000346088787403885 0.000354184040193244 0.000378363438155233 0.000393561241490022 0.00038228958956639 0.000356595674125501 0.000325734168762619 0.000360633054730403 0.000358093023541334 0.000338522899566588 0.000324583085175751 0.00041520115441807 -8.29773008042923e-05 -0.000315808394508587 -6.41238999408921e-05 4.59077148688027e-05 3.91535064826505e-05 1.99078848817515e-05 3.73030032906589e-05 0.000100773475912245 0.000152508420331759 0.00021984065953646 0.00027080519861699 0.000304670382828721 0.000326353891600462 0.000386273859603192 7.42828721455365e-06
