"Immunity_other" "Immunityb45_062-122" "Immunityboost_001-061" "Immunityboost_062-122" "Immunityboost_123-183" "Immunityboost_184-244" "Immunityboost_245-305" "Immunityboost_306-366" "Immunityboost_367-427" "Immunityboost_428-488" "Immunityfull_123-183" "Immunityfull_184-244" "Immunityfull_245-305" "Immunityfull_306-366" "Immunityfull_367-427" "Immunityfull_428-488" "Immunityfull_489-549" "Immunityhybridboost_001-061" "Immunityhybridboost_062-122" "Immunityhybridboost_123-183" "Immunityhybridboost_184-244" "Immunityhybridboost_245-305" "Immunityhybridboost_306-366" "Immunityhybridboost_367-427" "Immunityhybridboost_428-488" "Immunityhybridfull_062-122" "Immunityhybridfull_123-183" "Immunityhybridfull_184-244" "Immunityhybridfull_245-305" "Immunityhybridfull_306-366" "Immunityhybridfull_367-427" "Immunityhybridfull_428-488" "Immunityhybridfull_489-549" "Immunityinf_062-122" "Immunityinf_123-183" "Immunityinf_184-244" "Immunityinf_245-305" "Immunityinf_306-366" "Immunityinf_367-427" "Immunityinf_428-488" "Immunityinf_489-549" "Immunitysecb45_001-061" "Immunitysecb45_062-122" "Immunitysecb45_123-183" "Immunitysecboost_001-061" "Immunitysecboost_062-122" "Immunitysecboost_123-183" "Immunitysecboost_184-244" "AgeGr0-11" "AgeGr12-15" "AgeGr16-17" "AgeGr18-24" "AgeGr25-29" "AgeGr30-34" "AgeGr35-39" "AgeGr45-49" "AgeGr50-54" "AgeGr55-59" "AgeGr60-64" "AgeGr65-69" "AgeGr70-74" "AgeGr75-79" "AgeGr80+" "SexM"
"Immunity_other" 0.00640942019639119 0.00120046994726301 0.000726050604092332 0.000794284972201568 0.00070489568491951 0.000631876339601342 0.000672032348997007 0.0007929351681323 0.00106190206567193 0.00128108555904971 0.000665196626592472 0.000653205076232533 0.000722096670019045 0.000800953042647266 0.000768126379004895 0.000770346229297 0.000876585001203306 0.000805541155236318 0.000932819728096206 0.000855075344711929 0.000720594908252075 0.000750594431730506 0.000909877301955771 0.00113543627761873 0.00129520429458453 0.000883697723513409 0.000769741871668438 0.00072496419798039 0.000758271635164143 0.000866422315984051 0.000941839279416436 0.000949820108014008 0.000976705648305623 0.000873562268750729 0.000761053207348929 0.000725605073640334 0.000782725550500131 0.000922996962781609 0.00109178204279101 0.00112216701391369 0.00067684700377662 0.00092070795423915 0.0011854008562467 0.00132939351736171 0.000731740516776523 0.000931624778395184 0.00115757800048766 0.00131103783348532 0.000396248122887348 0.000101119887046977 8.26962824025134e-05 -4.19237125371377e-05 -7.81496525842582e-05 -3.17648548297808e-05 -9.25395641046188e-06 1.25055465382842e-05 2.24951543947394e-05 6.03773108222529e-05 0.000115331162884003 0.000189870996963601 0.000171768129281664 0.000143443572519688 0.000177357043970537 4.07191843702891e-05
"Immunityb45_062-122" 0.00120046994726301 1.00222892371513 0.00049372280028636 0.000710147277936333 0.000545169852906159 0.000389790694538017 0.000426980840335832 0.000633599036305214 0.00162637458307117 0.00253267272525396 0.000443578578840854 0.000384745155352986 0.000446174838670725 0.000656582755257383 0.00066467401520011 0.000585303130680001 0.000913148063690454 0.00071652908808427 0.00118398125524424 0.00104448119645299 0.000543774388598558 0.000562801006811733 0.00100454803923062 0.00189256146766083 0.00254423786735989 0.000920215795968043 0.000679426665173886 0.000445187348449558 0.00051379206493856 0.000822059875627818 0.0011235200517205 0.00114565289196227 0.00120884597356619 0.000915208322454303 0.000680490930748268 0.000445359437500476 0.000547654498834431 0.000976269110029269 0.00157359883886117 0.00186227004954381 0.000415404906798011 0.00102402862978029 0.00221337152045334 0.0026050896780449 0.000530790796170883 0.00112187176950205 0.00207667569729064 0.00262229267499765 0.000544291057275146 6.04898767755399e-05 1.71907889812919e-05 -1.63148735293119e-05 -1.82030388393212e-05 -2.98347319411338e-05 -2.1396139952748e-05 2.34999041632561e-06 1.18354139796063e-05 3.03644625320502e-06 -5.16647969215041e-05 -7.28471342423061e-05 -0.000137815818794894 -0.000156791666921802 -9.74668094387082e-05 -9.59227618412686e-06
"Immunityboost_001-061" 0.000726050604092332 0.00049372280028636 0.200934775890054 0.00085160461034901 0.000898743574706996 0.000931564843463054 0.000956713761765905 0.000886851747169068 0.000579961752939831 0.000449729948394228 0.000892741956671254 0.000934289942388292 0.000965687483104924 0.000865345713340731 0.000889763836553843 0.000923746755161682 0.000788695306664739 0.000848610436792247 0.000719524853641132 0.000774673058839879 0.000924068108379315 0.000918278809420579 0.000773856642179773 0.000546309436450192 0.000450398210510984 0.000797640742595696 0.000866008156615534 0.000958518550642777 0.000932940852393221 0.000844256970976343 0.000756957552353411 0.000777920275248337 0.000720001007303258 0.000785810136507735 0.000850734567141097 0.000932174846307399 0.000876978501918804 0.000762761433890004 0.00057703526770664 0.000570306244619429 0.000922776727071709 0.00071009790048542 0.000492004475848117 0.000432692636294467 0.000924713838197077 0.000708265997370751 0.000505254775624909 0.000434723828368662 0.000722739959711281 -1.82834203948779e-05 -0.000129051522933943 -0.000246960810419301 -0.000117158632575123 -7.79594804227606e-05 -2.56775207314911e-05 -5.10428195901788e-06 1.5080470999388e-05 5.1123239941098e-05 4.6628360947661e-05 4.67952189986248e-05 5.50065433622859e-05 3.78721362939275e-05 0.000108469908754236 5.68369879592985e-06
"Immunityboost_062-122" 0.000794284972201568 0.000710147277936333 0.00085160461034901 0.200876354817914 0.00093928709040763 0.00094801117926525 0.000863871849946635 0.000819454673988984 0.000787952023996711 0.000624900074682613 0.000918864412238073 0.000923383836024141 0.000877453745420263 0.0009099036236479 0.000904564197140254 0.000860456290372757 0.000841269250576445 0.000828787695292383 0.000808104615152216 0.000835907808000518 0.000879845408259075 0.000858434239509322 0.00082593024886416 0.000763775627266205 0.000626881370308961 0.000858579255482059 0.000920099562245391 0.000928094124750251 0.000905578268673062 0.000875692049516762 0.000864336972962613 0.000829303263029952 0.000842448659579988 0.000842593427589778 0.000894533167060333 0.000881618347054543 0.000873847583624822 0.000832925275363975 0.000800247022577839 0.000751341625366502 0.00090682581597456 0.000828689919184627 0.00070224352968937 0.000584261438368787 0.000818665741336812 0.0008047308539122 0.000711815636052438 0.000592083344830884 0.000883937765191116 -0.000144221337460858 -0.000332810696967366 -0.000359882891567852 -0.000181020669734663 -0.00010743313390866 -3.83235916717948e-05 1.47787668341096e-05 7.35959131611223e-05 0.000146131947502426 0.000170833056133615 0.000185186448900972 0.000200794335846654 0.00019655609752484 0.000295249818498851 -8.38732925959984e-07
"Immunityboost_123-183" 0.00070489568491951 0.000545169852906159 0.000898743574706996 0.00093928709040763 0.0640043710813346 0.00150414211284887 0.00101285083536465 0.000677241134520928 0.000545811139939693 0.000510808912196836 0.00145060822808697 0.00131976420826408 0.000952322723671951 0.000998080142003482 0.00110121797492088 0.000877633303283192 0.00072255253577792 0.000709315068224811 0.000680390896270626 0.000966340516367922 0.00107687029359203 0.000878884809345202 0.000658357219701376 0.000575751344154738 0.000532135362667112 0.000818944761517745 0.0012431664248429 0.00116494098296202 0.000993990805227341 0.000826656152515012 0.000826319730221173 0.000777231232093112 0.000720622013533276 0.000804290387593738 0.00118762178432253 0.00104131509865898 0.000904090124589914 0.000713293229448476 0.000628534996381408 0.000833070392397152 0.00124484490952535 0.00056061962185172 0.000521043936057218 0.000510907949542336 0.000763001373111849 0.00056177853770273 0.000510295436949611 0.000503337879477795 0.00100235131863833 2.43258942011415e-05 -0.0003248252899903 -0.000240683466182375 -6.08941839245407e-05 -8.54505018635954e-06 1.32943618412078e-05 -8.40057608641673e-06 2.82291849370941e-05 0.00012001496173972 0.000195341638024762 0.000231337142479654 0.000286145146627358 0.00031652468786181 0.000471777984085517 1.50118857153058e-05
"Immunityboost_184-244" 0.000631876339601342 0.000389790694538017 0.000931564843463054 0.00094801117926525 0.00150414211284887 0.00524853908106549 0.00113278879626416 0.000639556103794004 0.000422782269927085 0.000346509241828641 0.00153258487326498 0.00146880079513334 0.000988223351064719 0.000985302891119801 0.00116339501812068 0.00088518749503708 0.000674358227019973 0.00068964820996445 0.000607184790867206 0.000990382822074571 0.00116303985009791 0.000914426223698803 0.000577201790406151 0.000433807066073441 0.000365649482874286 0.000747238426449879 0.00129848343224583 0.00122082535257174 0.00102133777704727 0.000765966173364181 0.000759503328465858 0.000697987154855489 0.000621866697405002 0.000738930922286541 0.00125361539320717 0.00108360993922131 0.000892838726352943 0.000600419708450211 0.000460653695085931 0.000700782466217284 0.0013729048704628 0.000470133041142619 0.000374956113423852 0.000345331424193956 0.000787441146348368 0.00046914209178078 0.000367526243160337 0.000336754739069794 0.000795045130003941 0.000239191333620781 7.4307624447941e-05 2.28100119673677e-06 0.000100389749276798 9.16786717779243e-05 6.50598470448682e-05 -5.24869349444833e-05 -6.63387115918089e-05 -4.1598371226633e-05 -2.18440703165569e-05 -4.4321322948055e-05 1.66088912246726e-05 7.73780120375858e-05 0.000268759698451485 1.00675219216208e-06
"Immunityboost_245-305" 0.000672032348997007 0.000426980840335832 0.000956713761765905 0.000863871849946635 0.00101285083536465 0.00113278879626416 0.00214680029283173 0.000808733998208274 0.000482474739558278 0.000399474837582175 0.00103735003126746 0.00110062936222573 0.00100802456787504 0.000853967884201297 0.000974996303832072 0.000928819876816936 0.000730773292760567 0.000800980370615832 0.000651870859423005 0.00083732399332905 0.00102206331199993 0.000948236782648019 0.000677979913228862 0.000463238809447766 0.000402665337531256 0.000733690877661695 0.000964626687579977 0.00104316270141743 0.000961937935679593 0.000784678421214494 0.000720546390582963 0.000727881464791061 0.000639192896040375 0.000725002137970591 0.000951716332161109 0.000994604832155897 0.00086039914516438 0.000659055599047173 0.000457441371137086 0.000546483192544949 0.00107391140588512 0.000574839280082611 0.000429807436951173 0.000393148209332821 0.000925173693699714 0.000588393225623166 0.00043228691088794 0.000391303175503996 0.000615415735688632 0.000164902505323326 6.33398797522217e-05 7.33351956351789e-07 7.12260579408693e-05 6.58512867475187e-05 4.6926874546503e-05 -4.57165826981908e-05 -5.90166452235031e-05 -5.61750403447937e-05 -8.32812971440414e-05 -0.000121968016306691 -0.000130838707235024 -0.000129588441635961 1.5342637485868e-05 -1.26837310468652e-05
"Immunityboost_306-366" 0.0007929351681323 0.000633599036305214 0.000886851747169068 0.000819454673988984 0.000677241134520928 0.000639556103794004 0.000808733998208274 0.00235170193918972 0.000781471061015308 0.000576056137708869 0.000630717048146887 0.00066881092173634 0.000862851011657475 0.000829604195460543 0.000734634311472676 0.000892239014794424 0.000875335438468099 0.000940264716399631 0.000847917128662972 0.000710811352829332 0.000782385344994401 0.000879411485106969 0.000917319052249997 0.00070670510120363 0.000564185841732603 0.000857742758787396 0.000669647608674755 0.000754560952570109 0.000835857507385738 0.000877069782838031 0.000774558761608739 0.000810315476279116 0.00080900380020229 0.000847253251274593 0.00066803502158619 0.000768377787913811 0.000823334360275869 0.000832600248615688 0.000698851605039153 0.000547728070885829 0.000671583349657281 0.000955516762656467 0.000650377351030069 0.000545051016039541 0.000944544152629151 0.000923876291445872 0.000678379467620469 0.000553090217247301 0.000536575581712065 0.000147289308933059 6.41340513707543e-05 7.88862172074543e-06 6.33226871410382e-05 5.98094150331342e-05 4.20918077270981e-05 -3.85712792731599e-05 -5.06344690147955e-05 -4.91641510819899e-05 -7.52926901560344e-05 -0.000101277327470812 -0.000161983617352715 -0.000217122659696959 -0.000118332717061177 -1.76329083715335e-05
"Immunityboost_367-427" 0.00106190206567193 0.00162637458307117 0.000579961752939831 0.000787952023996711 0.000545811139939693 0.000422782269927085 0.000482474739558278 0.000781471061015308 0.00442550270090103 0.00154904851476951 0.000452688169018867 0.000416364575973837 0.000507821860896957 0.000764233603703599 0.000642658597795219 0.000640098144391278 0.00100202928507291 0.000858359342423486 0.00116368998573373 0.000900541255349625 0.000548761912297783 0.000643472829044285 0.00106287111558769 0.00156188639371739 0.00152054976696953 0.000971156201373792 0.000638634991488464 0.000463050309262257 0.000589111371456362 0.000869534944122718 0.00104990682970386 0.00096819926931021 0.00115617650172763 0.000963751416852062 0.000641613395861404 0.000466441785164405 0.000636805354700019 0.000971252447015772 0.00138346662110177 0.00120902012820459 0.000424389222222645 0.00125901448368301 0.00164405227511979 0.00143959683223383 0.000637501382722258 0.00123900829340942 0.0016156777536533 0.00148994688983117 0.000463864870791545 0.00014803633195155 8.85218965004886e-05 3.04789896177125e-05 6.47923853112065e-05 6.08759410900334e-05 4.15833984222989e-05 -4.25580240059782e-05 -5.9357233389854e-05 -7.52949272127429e-05 -0.000127501631846971 -0.000160552600375805 -0.000232491480111203 -0.000282696035775422 -0.000185634070832597 -8.51414596092412e-06
"Immunityboost_428-488" 0.00128108555904971 0.00253267272525396 0.000449729948394228 0.000624900074682613 0.000510808912196836 0.000346509241828641 0.000399474837582175 0.000576056137708869 0.00154904851476951 0.0120699805071721 0.000412201624094741 0.000335770723667119 0.000382346979327697 0.000543280654827173 0.000616845934423411 0.000544574049621385 0.000827585803243742 0.000642136126417797 0.00115912188907303 0.00113695233636414 0.000542097929669134 0.000500211269800728 0.000940261488952181 0.00202603038401941 0.00355920261912648 0.000830192121369714 0.000650707938806181 0.000378877654756892 0.000421096255193076 0.000723549419021534 0.00109131490584574 0.00126680467996381 0.00117884475599051 0.000836464628977183 0.00066151591460358 0.000389493439384297 0.000437899581666976 0.000879661437720817 0.00161085171622755 0.00234263982361444 0.000375935313380026 0.000882809068466197 0.0024989622161588 0.0041088158950893 0.000503399997887798 0.00102698784542107 0.00233935631001897 0.00387582617887182 0.00036242489265167 0.000104158730647535 6.63613747673226e-05 2.15098716061216e-05 3.7954364040277e-05 4.14987007631526e-05 2.84567465204428e-05 -2.24451664111975e-05 -3.46316991174759e-05 -4.81042637973212e-05 -0.000119448295920319 -0.000153122110073314 -0.000286043422318314 -0.000380861226594611 -0.000320606050772663 -1.34904090156355e-05
"Immunityfull_123-183" 0.000665196626592472 0.000443578578840854 0.000892741956671254 0.000918864412238073 0.00145060822808697 0.00153258487326498 0.00103735003126746 0.000630717048146887 0.000452688169018867 0.000412201624094741 0.144349930076878 0.00138019927736623 0.000952477284005322 0.000972126902360415 0.00110432737155815 0.000850391312385385 0.000674931982211939 0.000669360458376037 0.000612364230247919 0.000941527264259212 0.00107893668796689 0.000860695818569095 0.000585221704278138 0.00047107672712738 0.000428897108933313 0.00075741548534878 0.00124548410696077 0.00117570353686965 0.000985612362110878 0.000772769922216269 0.000767797513985855 0.000711192999461697 0.000649472370726443 0.00075880220693614 0.00121082404847932 0.00108667702215944 0.000937510965021745 0.000700645645340634 0.00059369050644972 0.000805626789881822 0.00131055275519908 0.000484604577341758 0.000419893449845406 0.000411501683007828 0.000748726010632049 0.000489570948725657 0.000414690065731519 0.000403663200488643 -8.48221941812634e-05 -0.00093452226505793 -0.000435940164886217 -0.000450894956640169 -0.000386708784022137 -0.00027143576696994 -0.000117688002000505 4.25315190033434e-05 7.75085977323377e-05 0.000127173970095673 0.000164185878266441 0.000217308724195938 0.000258012938498856 0.000291153048233975 0.000387053006444587 3.96548962750205e-05
"Immunityfull_184-244" 0.000653205076232533 0.000384745155352986 0.000934289942388292 0.000923383836024141 0.00131976420826408 0.00146880079513334 0.00110062936222573 0.00066881092173634 0.000416364575973837 0.000335770723667119 0.00138019927736623 0.0263654231673315 0.00101584431661786 0.000965729146700953 0.00112318707726461 0.000900001869210998 0.000689799573858379 0.000702008236271119 0.00059636230994412 0.000922027694403738 0.00110775035677905 0.000916856439551024 0.000596046091335963 0.000428219087209311 0.000353685610781939 0.000747047656446928 0.00121368494020764 0.00121091215524145 0.00103462312547891 0.00079490992214281 0.000773345993219962 0.000725214325390635 0.000647019657553257 0.000738349954014918 0.00117748818891757 0.00111504194003502 0.000950365407626483 0.000686479055476616 0.000530490598091458 0.000706748231883533 0.00130940898599233 0.000472761707303809 0.000361638675163672 0.000329243895819674 0.00080691369354367 0.000477800616541983 0.000359317045781965 0.000323269257039756 0.000528231352349887 -0.000674550533368173 -0.000490383605544754 -0.000452182707431149 -0.000308801887249541 -0.000213946882778828 -0.000102483962918862 3.30706717971118e-05 6.52212247563095e-05 0.000125156248585766 0.000167354112913809 0.00021820723312779 0.000275223562094235 0.00030140267454072 0.000426899227233445 1.86750806361182e-05
"Immunityfull_245-305" 0.000722096670019045 0.000446174838670725 0.000965687483104924 0.000877453745420263 0.000952322723671951 0.000988223351064719 0.00100802456787504 0.000862851011657475 0.000507821860896957 0.000382346979327697 0.000952477284005322 0.00101584431661786 0.018300312259346 0.000920510711186321 0.000979137475272141 0.000981343601518709 0.000780576350976409 0.000825714431074107 0.000675842493114652 0.000784778588765038 0.000987574625855604 0.000964091374691378 0.000756868323297062 0.000509219127154332 0.000400743947126041 0.000812508259834207 0.000952367625713554 0.00109379796637307 0.00103089906889012 0.000902620717073435 0.000814338564187462 0.000831653924128633 0.000740851957227982 0.000787432110299282 0.000921847796790352 0.00105951758578786 0.000976657846849723 0.000833563881151682 0.000618711732327385 0.00063148737703568 0.00102748990304897 0.000618538734218763 0.000422590567822492 0.000371236793433338 0.000920770919383688 0.00062452757687885 0.000426368779840883 0.000367366186783421 0.000897020647866007 -0.000502092253269299 -0.000459967488232865 -0.000532590071172241 -0.0003303800621758 -0.000217508435595126 -0.000112458757156437 3.98320715484804e-05 8.94187596284389e-05 0.000168858266680268 0.000237311511441457 0.000301466011905535 0.000355606654922915 0.000371646351828773 0.000502564399798006 -1.74463486271449e-06
"Immunityfull_306-366" 0.000800953042647266 0.000656582755257383 0.000865345713340731 0.0009099036236479 0.000998080142003482 0.000985302891119801 0.000853967884201297 0.000829604195460543 0.000764233603703599 0.000543280654827173 0.000972126902360415 0.000965729146700953 0.000920510711186321 0.0173833300836502 0.000955035236026614 0.000895399825117865 0.000863025964393559 0.000833911044312329 0.000803567949985956 0.000829501246681907 0.000902436317049594 0.000878429587131167 0.000852164020839733 0.000746928721412387 0.000560104959323124 0.000903706265976984 0.000981695676868429 0.00100752747915282 0.000975961125408725 0.000944905347999956 0.000919579917261879 0.000876224254351659 0.000888497969119597 0.000877141035870319 0.000939628235044954 0.000951528127903955 0.000964063776124865 0.000917118112739012 0.000869591897316917 0.000790668862042179 0.00095766680682113 0.000843847561949854 0.000630892943408316 0.000509688138050208 0.00080344501856765 0.000799884327732227 0.000645369684317125 0.000511028417024894 0.00103685457413218 -0.000742352333830548 -0.000835272516550816 -0.000841549448819063 -0.000483090588405961 -0.000288313696340142 -0.00015147702850658 6.80466444989176e-05 0.000129761550209929 0.000221023964055428 0.000301998105119962 0.000381797076038196 0.000441016259748514 0.000459178891203926 0.000598248069145037 -1.31205884375389e-06
"Immunityfull_367-427" 0.000768126379004895 0.00066467401520011 0.000889763836553843 0.000904564197140254 0.00110121797492088 0.00116339501812068 0.000974996303832072 0.000734634311472676 0.000642658597795219 0.000616845934423411 0.00110432737155815 0.00112318707726461 0.000979137475272141 0.000955035236026614 0.00959646020896186 0.000910871141896521 0.000782746296059163 0.000755931370862705 0.000719264824889762 0.000898848650813353 0.00100511144740322 0.000905033612208551 0.000739692076592242 0.000689094188989153 0.000641541567364561 0.000833649913542351 0.00108934783809972 0.0011165925585014 0.00101156842665577 0.000890647072438138 0.000895677494509025 0.000864001101638625 0.000811672280702858 0.00080752268311296 0.00104564287814462 0.00103709116299805 0.000947614531698572 0.000827522645376939 0.000762734363654395 0.000858732444479179 0.00111109884375438 0.000624551488642105 0.000631427121798131 0.000606005061129887 0.000797156285410452 0.000630250909384603 0.000614368893968563 0.000602607805800581 0.00116815581836922 -5.68268271144517e-05 -0.00040960057794169 -0.000468987326504528 -0.000180203642187564 -0.000104963757909948 -5.26911994095241e-05 6.93672438178516e-05 0.000132498510397985 0.000231552434173039 0.000320091335059093 0.000397254660179348 0.000473787785523799 0.000507961943239825 0.000662843821969349 1.43658792778784e-05
"Immunityfull_428-488" 0.000770346229297 0.000585303130680001 0.000923746755161682 0.000860456290372757 0.000877633303283192 0.00088518749503708 0.000928819876816936 0.000892239014794424 0.000640098144391278 0.000544574049621385 0.000850391312385385 0.000900001869210998 0.000981343601518709 0.000895399825117865 0.000910871141896521 0.00748697628916401 0.000822114274370289 0.000852444274905939 0.000749963497824277 0.000784120923598838 0.000922837717817342 0.000931689206819358 0.000823576439551249 0.000641404101303045 0.000562744226985744 0.000844139600977327 0.000880658911472541 0.000985775158363035 0.000967959262463024 0.000908011868302318 0.000835637148905905 0.000860462650679562 0.000798225534203363 0.000819011172228491 0.000853889035337516 0.000958087913321635 0.000922515936721212 0.000847642138100053 0.000696090701848187 0.000680746661242407 0.000912706170843762 0.000732254877195785 0.00056678274559749 0.000547609500049632 0.000902183329886187 0.000727674744670055 0.000568933659131907 0.000535998404640553 0.000944075955267153 0.000194223242080608 -3.38262260713553e-05 -0.000112957732477797 4.26624799826924e-05 5.21693758076938e-05 4.30208008983144e-05 1.6765110663963e-06 1.86846507665203e-05 8.2649079197605e-05 0.000143579389717485 0.000192290664602983 0.000228216276551065 0.00024476148685688 0.000389848979827262 3.29398667459652e-05
"Immunityfull_489-549" 0.000876585001203306 0.000913148063690454 0.000788695306664739 0.000841269250576445 0.00072255253577792 0.000674358227019973 0.000730773292760567 0.000875335438468099 0.00100202928507291 0.000827585803243742 0.000674931982211939 0.000689799573858379 0.000780576350976409 0.000863025964393559 0.000782746296059163 0.000822114274370289 0.0095399194504592 0.000879639860769585 0.000918000895128996 0.000798358067149436 0.000751708079513171 0.000812920946611583 0.000938582708889026 0.000966256909639785 0.000823753591385773 0.000908551531057324 0.000766317175173116 0.000763077832007578 0.000819647786520637 0.000900688706909937 0.000911815904765164 0.000882082509136362 0.000948794889491975 0.000891453739967025 0.000751532255147996 0.000749622581187494 0.00082442894135403 0.000904370739480045 0.000964795731401218 0.00080904606956688 0.000698289027440876 0.00101219620946931 0.000910837198082343 0.000779429481047669 0.000801781243644414 0.000970954189466009 0.000924772335402414 0.000787904344976818 0.000789955515343804 0.000224180732899553 7.94330293720656e-06 -7.05999665749623e-05 4.30219344180315e-05 4.78985319668818e-05 3.77637146730248e-05 3.28779706415622e-06 1.51201244417745e-05 6.00975214442599e-05 9.98767297901983e-05 0.00013392713805874 0.000115801143117932 9.21098152292982e-05 0.000182846847099266 4.6150135885044e-05
"Immunityhybridboost_001-061" 0.000805541155236318 0.00071652908808427 0.000848610436792247 0.000828787695292383 0.000709315068224811 0.00068964820996445 0.000800980370615832 0.000940264716399631 0.000858359342423486 0.000642136126417797 0.000669360458376037 0.000702008236271119 0.000825714431074107 0.000833911044312329 0.000755931370862705 0.000852444274905939 0.000879639860769585 0.0918255823195863 0.000868610547929707 0.000755769166375239 0.00078207169402207 0.000853897521237007 0.000905775739001311 0.000786796220194732 0.000630286243892429 0.000856564905934452 0.000710130437248937 0.000750975074823891 0.000818107554385164 0.000859288635414666 0.000805995658875536 0.000807350994111655 0.000836287090981721 0.000848105876724265 0.000708480102101605 0.000752371737500207 0.000803125179164321 0.000821467242858661 0.000764278323560369 0.000612320099767462 0.000698539328022912 0.000975043997406867 0.000735030142454126 0.000606313489531799 0.000894764558539379 0.000936626708458682 0.000762546861482235 0.000617850435182836 0.00052629239113119 0.00012185066946888 2.73618023836436e-05 -1.16245716577538e-05 3.91039157469562e-05 4.35921997387119e-05 3.35598577695937e-05 -2.83759520184833e-05 -3.96851609234435e-05 -5.01161646954243e-05 -0.000109994514894723 -0.000139238395908562 -0.000176293147924204 -0.000218690467631885 -0.000129386212263603 -5.33924407551711e-05
"Immunityhybridboost_062-122" 0.000932819728096206 0.00118398125524424 0.000719524853641132 0.000808104615152216 0.000680390896270626 0.000607184790867206 0.000651870859423005 0.000847917128662972 0.00116368998573373 0.00115912188907303 0.000612364230247919 0.00059636230994412 0.000675842493114652 0.000803567949985956 0.000719264824889762 0.000749963497824277 0.000918000895128996 0.000868610547929707 0.0565565913311867 0.000846394602869142 0.000687707968303209 0.000748870088464224 0.000965490298993208 0.00116241705004026 0.00114656788476851 0.000906426201033011 0.000707093282648897 0.000633474174921759 0.00071291484369901 0.000861369538607018 0.000924174002042654 0.000899992390630735 0.000983022746714858 0.000898551116968835 0.000703877798830707 0.000628654292049438 0.000723918391591993 0.000888610946408868 0.0010594012987155 0.000967327022012256 0.000594926726481518 0.00106794251361779 0.00119806762248523 0.00112001632069975 0.00076151774970208 0.00105256076777661 0.00118794948647974 0.00113936452560545 0.000534522296502435 0.000146932552829435 4.95850755592719e-05 1.01604884693314e-05 4.79565892411594e-05 4.9161264155325e-05 3.7124824457494e-05 -3.3620747266672e-05 -4.71447525208888e-05 -5.38691254058241e-05 -8.78357027970292e-05 -0.000105782901308826 -0.000152578735235606 -0.000214489630299628 -0.000117111533325326 -5.10640984746677e-05
"Immunityhybridboost_123-183" 0.000855075344711929 0.00104448119645299 0.000774673058839879 0.000835907808000518 0.000966340516367922 0.000990382822074571 0.00083732399332905 0.000710811352829332 0.000900541255349625 0.00113695233636414 0.000941527264259212 0.000922027694403738 0.000784778588765038 0.000829501246681907 0.000898848650813353 0.000784120923598838 0.000798358067149436 0.000755769166375239 0.000846394602869142 0.0634466613190414 0.00087246624572991 0.00079342887515326 0.000787850123140018 0.000977870413284036 0.00115407825023111 0.000818276910064935 0.00094303989359315 0.000861101170308813 0.000811982967900384 0.000800446827376852 0.000884951804251292 0.000871090076881922 0.000858472315202357 0.000810629410459856 0.000925869048702947 0.000806639786373175 0.000760607023160994 0.000768487666127499 0.000886997727444089 0.00104729753605771 0.000898796673207867 0.000761931508652943 0.00103929497666227 0.00120499736638638 0.000742911789346767 0.000783623926928437 0.00100799442838808 0.00118202395223087 0.000662885336124347 0.000206413870110169 7.13114966692165e-05 2.59952716986722e-05 6.81051995956921e-05 6.61702057631556e-05 4.89620029168248e-05 -4.06324705458647e-05 -4.9574065919426e-05 -4.22008102977988e-05 -3.84376766186048e-05 -2.13529885477389e-05 -3.42896205978378e-05 -7.05341104073875e-05 5.35556708008386e-05 -4.01657655838936e-05
"Immunityhybridboost_184-244" 0.000720594908252075 0.000543774388598558 0.000924068108379315 0.000879845408259075 0.00107687029359203 0.00116303985009791 0.00102206331199993 0.000782385344994401 0.000548761912297783 0.000542097929669134 0.00107893668796689 0.00110775035677905 0.000987574625855604 0.000902436317049594 0.00100511144740322 0.000922837717817342 0.000751708079513171 0.00078207169402207 0.000687707968303209 0.00087246624572991 0.0367351179510642 0.000929116186149384 0.000716247309932964 0.000575939708320822 0.000565293066431255 0.000786459155610236 0.00102793761086922 0.00107397633977709 0.000983046679385112 0.00083825007288121 0.000802889551822766 0.00080668442222252 0.000723603818827797 0.000768511353460923 0.00099858578287417 0.00100927968954486 0.00089816531036488 0.000736996365051756 0.000599234953431641 0.000718057169145256 0.0010896103645006 0.000600816074449995 0.00052870418621935 0.000571396405426936 0.000864643193738184 0.000609510309324768 0.000521675581271627 0.000555721301367739 0.00085377695242851 0.000351386199518655 0.000195508337822028 9.98814426084937e-05 0.000150753432450655 0.000136403027960629 9.32004475562479e-05 -6.39217326397568e-05 -6.32504290647969e-05 -3.49844641530731e-05 1.81635847710592e-05 9.47876186613902e-05 0.000130786523392611 0.000137533414708585 0.00029324471767489 -2.62973127039971e-05
"Immunityhybridboost_245-305" 0.000750594431730506 0.000562801006811733 0.000918278809420579 0.000858434239509322 0.000878884809345202 0.000914426223698803 0.000948236782648019 0.000879411485106969 0.000643472829044285 0.000500211269800728 0.000860695818569095 0.000916856439551024 0.000964091374691378 0.000878429587131167 0.000905033612208551 0.000931689206819358 0.000812920946611583 0.000853897521237007 0.000748870088464224 0.00079342887515326 0.000929116186149384 0.0265716291751031 0.000808583534497605 0.000626607819651554 0.000510229622493246 0.000823766086119468 0.000875883372290034 0.000965428676041816 0.000948630703374334 0.000876586339059644 0.000810116926215783 0.000822573669344419 0.000773371429441226 0.000803698486969137 0.000856118772889943 0.000936911620012059 0.000893524804457054 0.000802255795374076 0.000652890668092125 0.000625941985161426 0.000922789135499836 0.000739946727700792 0.000556048241124162 0.000480274370504516 0.000905808770389209 0.000732186443965539 0.000562955419885722 0.000480749573946342 0.000782001789669442 0.000330257004871419 0.000208807001068089 0.000109655199323247 0.000153396792441057 0.00013848282026227 9.46035508275614e-05 -6.81602142588222e-05 -7.59805258786872e-05 -6.40601002750774e-05 -3.64765228597367e-05 3.93528937340232e-05 5.94853599954637e-05 6.5440801081452e-05 0.000201673356318234 -1.94489181716834e-05
"Immunityhybridboost_306-366" 0.000909877301955771 0.00100454803923062 0.000773856642179773 0.00082593024886416 0.000658357219701376 0.000577201790406151 0.000677979913228862 0.000917319052249997 0.00106287111558769 0.000940261488952181 0.000585221704278138 0.000596046091335963 0.000756868323297062 0.000852164020839733 0.000739692076592242 0.000823576439551249 0.000938582708889026 0.000905775739001311 0.000965490298993208 0.000787850123140018 0.000716247309932964 0.000808583534497605 0.059819348171662 0.00104607084495997 0.000940597282569373 0.000934520352133262 0.000706896647148185 0.000705927444651683 0.000796279663182286 0.000927683189450258 0.000932986776113449 0.000925381466224537 0.000988345598888142 0.000914639634668132 0.000693554304779311 0.000706175545127787 0.000814135404086765 0.000946627259608238 0.00102178769152918 0.000861147885849115 0.00061772477423141 0.00106808393429808 0.00100433459611977 0.000901667546280288 0.00080875016108652 0.00103093560108659 0.00101055659583792 0.000911890787199034 0.000729603363986008 0.00033484334689347 0.000229973901865398 0.00012685831965856 0.000155590148453229 0.000141833337865093 9.52747713615328e-05 -6.48947074740664e-05 -7.14012762796436e-05 -5.75418783109075e-05 -2.77362738943541e-05 5.11811973839305e-05 3.36542462226241e-05 1.35213323696825e-05 0.000121284271244768 -1.79079059166136e-05
"Immunityhybridboost_367-427" 0.00113543627761873 0.00189256146766083 0.000546309436450192 0.000763775627266205 0.000575751344154738 0.000433807066073441 0.000463238809447766 0.00070670510120363 0.00156188639371739 0.00202603038401941 0.00047107672712738 0.000428219087209311 0.000509219127154332 0.000746928721412387 0.000689094188989153 0.000641404101303045 0.000966256909639785 0.000786796220194732 0.00116241705004026 0.000977870413284036 0.000575939708320822 0.000626607819651554 0.00104607084495997 0.0786448812354105 0.00204137163921457 0.000967315172644501 0.000702147854790386 0.00051226953481271 0.000600066206672901 0.000884596650916378 0.00112477781784295 0.00109976523828339 0.00121149659115595 0.000952042500043472 0.000693563200165475 0.000506159296463232 0.000641950366182464 0.00101177178279398 0.00151348141937218 0.00157294832036641 0.000462721856903731 0.00113189898581003 0.00188023189378039 0.00207068905336313 0.000576224500647103 0.00115904140744728 0.00180475975526783 0.00207429642001157 0.000651286122868751 0.000324237747752983 0.000248220282122149 0.000144526148916948 0.000155835816099734 0.000144099875665886 9.66137854933432e-05 -7.06612376219256e-05 -8.56681425600994e-05 -9.41912223471101e-05 -9.07557368163689e-05 -8.32592483915865e-06 -3.45562953593813e-05 -5.8236819639322e-05 4.30292469816912e-05 -1.77900800572782e-05
"Immunityhybridboost_428-488" 0.00129520429458453 0.00254423786735989 0.000450398210510984 0.000626881370308961 0.000532135362667112 0.000365649482874286 0.000402665337531256 0.000564185841732603 0.00152054976696953 0.00355920261912648 0.000428897108933313 0.000353685610781939 0.000400743947126041 0.000560104959323124 0.000641541567364561 0.000562744226985744 0.000823753591385773 0.000630286243892429 0.00114656788476851 0.00115407825023111 0.000565293066431255 0.000510229622493246 0.000940597282569373 0.00204137163921457 0.203710180798971 0.000836043757782475 0.000682461871106488 0.00041650819414407 0.000447520893465139 0.000742007067680297 0.00112026131012564 0.00131555884345049 0.00119860195150278 0.00083684492818215 0.000686339545192584 0.00042229745555835 0.000463438429890677 0.000898716852047212 0.00164999689986748 0.00243420785370416 0.00040646652643745 0.000855357601186362 0.00249530301812681 0.00439560255593453 0.000489716010163579 0.000996324620633428 0.00233995597888713 0.00406496595608326 0.000445516332167753 0.000178119402917833 0.000138011210984557 7.3257810181176e-05 7.18305908094884e-05 7.78531478066124e-05 5.07098895120722e-05 -3.43497483865868e-05 -5.48157082080996e-05 -7.84104960829891e-05 -0.000159086947853538 -0.000119830612926776 -0.000216951758501454 -0.000272423067966623 -0.000207505633367855 -1.52776056934591e-05
"Immunityhybridfull_062-122" 0.000883697723513409 0.000920215795968043 0.000797640742595696 0.000858579255482059 0.000818944761517745 0.000747238426449879 0.000733690877661695 0.000857742758787396 0.000971156201373792 0.000830192121369714 0.00075741548534878 0.000747047656446928 0.000812508259834207 0.000903706265976984 0.000833649913542351 0.000844139600977327 0.000908551531057324 0.000856564905934452 0.000906426201033011 0.000818276910064935 0.000786459155610236 0.000823766086119468 0.000934520352133262 0.000967315172644501 0.000836043757782475 0.500934191198835 0.000840600547860358 0.000836495990900949 0.000865707711065709 0.000939592711242716 0.000949625132071144 0.000921229360657764 0.000969315573233403 0.000909617611420065 0.000811343838479724 0.00080794401909236 0.000871389339375291 0.000948434013082359 0.000998186891531694 0.000883763182414198 0.000759494489011017 0.000958456364667412 0.000904704875781419 0.000781622073876901 0.000782397317296463 0.00093063233365684 0.000907269693538199 0.000789081946242589 0.000979059213962176 0.000440477896933493 0.000280145022178937 1.79628717181257e-05 -5.48320315841525e-05 -5.6846451666115e-05 -3.77693702795483e-05 -4.71401437541706e-06 2.53310381449893e-05 8.87455773461984e-05 0.000213651937038966 0.000324803873215242 0.000341714630879134 0.000305020277250182 0.000416460819939389 3.15559054331695e-05
"Immunityhybridfull_123-183" 0.000769741871668438 0.000679426665173886 0.000866008156615534 0.000920099562245391 0.0012431664248429 0.00129848343224583 0.000964626687579977 0.000669647608674755 0.000638634991488464 0.000650707938806181 0.00124548410696077 0.00121368494020764 0.000952367625713554 0.000981695676868429 0.00108934783809972 0.000880658911472541 0.000766317175173116 0.000710130437248937 0.000707093282648897 0.00094303989359315 0.00102793761086922 0.000875883372290034 0.000706896647148185 0.000702147854790386 0.000682461871106488 0.000840600547860358 0.251188201668658 0.00115963909468314 0.0010153550546518 0.000878772995466612 0.0009126034187059 0.000862311858617153 0.000820338216727234 0.000816234901818194 0.00113554548588045 0.00105818039681992 0.000954912704156095 0.000819344010318922 0.000796388510491321 0.000943207120226066 0.00118852765996377 0.000594059479576285 0.000638367569037364 0.000660686534468799 0.000737859810842134 0.000596914265303504 0.000622171818971875 0.000647395042250109 0.00114538219409544 0.000231407751529278 -6.54110206633389e-05 -0.00015433761803692 -0.000137708459966701 -0.000129538965431623 -7.37354723581931e-05 1.88681584866772e-05 8.96900521142072e-05 0.000203861192967757 0.000403581849576983 0.000562612679735194 0.000624231787870541 0.000634314355718848 0.000764137238554509 4.32056005683561e-05
"Immunityhybridfull_184-244" 0.00072496419798039 0.000445187348449558 0.000958518550642777 0.000928094124750251 0.00116494098296202 0.00122082535257174 0.00104316270141743 0.000754560952570109 0.000463050309262257 0.000378877654756892 0.00117570353686965 0.00121091215524145 0.00109379796637307 0.00100752747915282 0.0011165925585014 0.000985775158363035 0.000763077832007578 0.000750975074823891 0.000633474174921759 0.000861101170308813 0.00107397633977709 0.000965428676041816 0.000705927444651683 0.00051226953481271 0.00041650819414407 0.000836495990900949 0.00115963909468314 0.201265472090691 0.00112380553383386 0.000939405510881362 0.000894592239579222 0.00087643253246122 0.000782128881198224 0.000800203386181157 0.00110081442363911 0.00117935790263697 0.00105836366736683 0.000867260005872596 0.000692137620882827 0.000784116010004238 0.00121786589530284 0.000521361050677672 0.000393981235274556 0.000378700315192699 0.000837353887206768 0.00052593193993089 0.000388425030757573 0.000366586924895139 0.00148530419064534 0.000140358526070801 -0.00069489958687938 -0.000407691908490306 -8.06498675442013e-05 -5.39532983954611e-05 -4.63082810873747e-05 6.93948636842312e-05 0.000235712095346998 0.000428993283090206 0.000671724306282389 0.000860485216283215 0.000935581566375764 0.000958758691486506 0.00109653203116042 3.31741155383611e-05
