"Immunity_other" "Immunityboost_001-061" "Immunityboost_062-122" "Immunityboost_123-183" "Immunityboost_184-244" "Immunityboost_245-305" "Immunityboost_306-366" "Immunityfull_001-061" "Immunityfull_062-122" "Immunityfull_123-183" "Immunityfull_184-244" "Immunityfull_245-305" "Immunityfull_306-366" "Immunityfull_367-427" "Immunityfull_428-488" "Immunityfull_489-549" "Immunityhybridboost_001-061" "Immunityhybridboost_062-122" "Immunityhybridboost_123-183" "Immunityhybridboost_184-244" "Immunityhybridboost_245-305" "Immunityhybridboost_306-366" "Immunityhybridfull_001-061" "Immunityhybridfull_062-122" "Immunityhybridfull_123-183" "Immunityhybridfull_184-244" "Immunityhybridfull_245-305" "Immunityhybridfull_306-366" "Immunityhybridfull_367-427" "Immunityhybridfull_428-488" "Immunityhybridfull_489-549" "Immunityinf_062-122" "Immunityinf_123-183" "Immunityinf_184-244" "Immunityinf_245-305" "Immunityinf_306-366" "Immunityinf_367-427" "Immunityinf_428-488" "Immunityinf_489-549" "Immunitysecboost_001-061" "Immunitysecboost_062-122" "AgeGr0-11" "AgeGr12-15" "AgeGr16-17" "AgeGr18-24" "AgeGr25-29" "AgeGr30-34" "AgeGr35-39" "AgeGr45-49" "AgeGr50-54" "AgeGr55-59" "AgeGr60-64" "AgeGr65-69" "AgeGr70-74" "AgeGr75-79" "AgeGr80+" "SexM"
"Immunity_other" 0.00556308364363303 0.000273472261965353 0.000266100946381181 0.000298999446975485 0.000405693949108947 0.000431659688057883 0.000449585292628459 0.000289054167907072 0.000289364623702738 0.000297966653697336 0.000287876139189121 0.000299795895348571 0.000355883904268756 0.000422560830341304 0.000439925468653712 0.000436809258177185 0.000281278249621019 0.000281957806204723 0.00036218424540626 0.000426807749999637 0.000442165277306382 0.000455708653382265 0.000291459679044932 0.000287385441447901 0.000309546625544044 0.000325534068877813 0.000352411789657142 0.000384954497929039 0.000430283380139205 0.000446707436078807 0.00044563613503664 0.000291407521869257 0.000335407360700542 0.000421973626267595 0.000377077868826223 0.000293576320867001 0.000285207828343708 0.00029357331819957 0.000329995982496953 0.000435172356146251 0.000451804319330797 0.00015367834542188 -6.08361428956403e-05 -6.5813305132149e-05 -6.8965656602831e-05 -3.66407749117564e-05 -3.29087940603441e-05 -1.87848428134882e-05 -1.26369166804517e-05 -3.10842350321904e-06 9.60373981426462e-06 2.82577627063763e-05 3.31549751183521e-05 2.50327383904221e-05 2.38441356114083e-06 2.49850829063985e-05 9.7570252151406e-06
"Immunityboost_001-061" 0.000273472261965353 0.00106365601734443 0.000307131388070484 0.000237515197204204 0.000193564917422646 0.000189285701151405 0.000179932761743457 0.000331778313624723 0.000300571645366316 0.000324325895943403 0.000320640827935181 0.00026831650134958 0.000226066622537132 0.000186497913613607 0.000187478627917102 0.000173812066077595 0.000325284802863572 0.000282851396782788 0.000210521246756908 0.000187761645031316 0.000187362836584255 0.00018134148196092 0.000313961546797677 0.000301768733348343 0.000292256135468967 0.000279720997507199 0.000236014181179994 0.000213584438595665 0.000184205397793287 0.000184639357069499 0.000176943311130521 0.000292888384850815 0.000220253686919531 0.000179491236694934 0.000240931912176426 0.000320061007452365 0.000299622555651346 0.000300231194039085 0.000240279719760026 0.00018766451078833 0.000187852970179989 0.000225239260632276 7.86936081319306e-05 2.83644580588564e-05 4.39556440997928e-06 4.10624354151615e-05 2.56313424625376e-05 1.44282621924447e-05 -3.74864495467292e-05 -3.97578787561121e-05 -3.73851903629421e-05 -3.4130947545186e-05 -5.42971651441906e-05 -4.5846689611926e-05 -4.729000051618e-05 1.3596142362517e-05 -1.52416964219375e-06
"Immunityboost_062-122" 0.000266100946381181 0.000307131388070484 0.000890854025222187 0.000382052500842899 0.000254911979681928 0.0002754828642819 0.000293514539303435 0.000266267255082193 0.000299356526137846 0.000250463458286125 0.000292681510416199 0.000338036988730208 0.000276210771540896 0.000231494222924563 0.000252430424531366 0.000267048179050647 0.000311666426644101 0.000357410557859668 0.00028832377374686 0.00023037031946389 0.000247286602650867 0.000258221184160492 0.000284066133428318 0.000309142144165972 0.000272908940510701 0.000270722458242856 0.000282024839985307 0.000245613874290157 0.000219447324907884 0.000226605512227643 0.000228392465282005 0.000286945378738001 0.000281202127888407 0.000204526375614392 0.000218002413169276 0.000270365806247558 0.00029828678919607 0.000283635177435742 0.000286781069511394 0.000294854279092273 0.000296350252079948 0.000199854180713865 7.06735595751042e-05 3.09651834457606e-05 1.13288690622575e-05 3.84604917244159e-05 2.57887675749726e-05 1.43381649852455e-05 -3.84009435391555e-05 -4.43470577450075e-05 -5.16660158835698e-05 -7.05054618859023e-05 -0.000102679105167881 -0.000141616878169791 -0.000186614083557218 -0.000131949052116531 5.04184519420521e-06
"Immunityboost_123-183" 0.000298999446975485 0.000237515197204204 0.000382052500842899 0.00185750266210299 0.00049577581160951 0.000464254912720951 0.000481376348375865 0.000198214896778914 0.000267295888222429 0.000204115957987051 0.000249818424862346 0.000416219777658777 0.000447870690820342 0.00041877070106303 0.000441988142394596 0.000474670428047097 0.000267507897765449 0.000409604907436137 0.000530857772468543 0.000435315841673939 0.000423505415226048 0.000432243396758181 0.000233048643419365 0.000303067260741738 0.000303798269290066 0.000297301519316572 0.000400397042373941 0.00041683053600126 0.000402443824738702 0.000411623838203028 0.000419899691720564 0.000276548800714366 0.000437623840756841 0.000405323769667152 0.000294445416128658 0.000215107590768587 0.000277693267730953 0.000281681100053473 0.000374263106753227 0.000478941285203601 0.000469699483191731 0.00020321176040725 7.77834780943043e-05 3.44431308250301e-05 1.4138378050189e-05 3.86462956166898e-05 2.74649521926859e-05 1.54886775082107e-05 -3.67765892267628e-05 -4.30059166705088e-05 -4.70359446064647e-05 -5.55051111377255e-05 -7.61332931115468e-05 -0.00014238754981329 -0.000224559301489879 -0.000198282050897192 1.05915376623209e-05
"Immunityboost_184-244" 0.000405693949108947 0.000193564917422646 0.000254911979681928 0.00049577581160951 0.00234012948105646 0.00110282920938532 0.00103027758619875 0.00015457012364707 0.000179122298551065 0.000164222385278278 0.000216094536820485 0.000356618149831752 0.000716318518409937 0.00101698427846161 0.00103899091359285 0.00109207553371328 0.000219645922272619 0.000301549509523707 0.000824588384689162 0.00110642806091329 0.0010595117041531 0.0010046230033779 0.000173659212609091 0.000214518277531264 0.000328034721626727 0.000415724723377893 0.000593954885670885 0.000810219213221323 0.0010046411587141 0.00101916737604771 0.00106534355027816 0.000194358428937085 0.000525954771476605 0.000957252122333811 0.000666410735539181 0.000202528409947535 0.00018874169566669 0.000237764386244101 0.000488443270673158 0.00108825858600334 0.000981404377505528 0.000217973211704775 0.000111094299266772 6.96476609860864e-05 3.17567800355249e-05 5.27726470265527e-05 3.73423614671053e-05 2.17761780206893e-05 -4.42827137035103e-05 -5.33645771381337e-05 -5.90644723671193e-05 -6.73533153221319e-05 -9.42673767350378e-05 -0.000117599577360712 -0.000149459045297819 -0.00010297241975867 7.6342972945943e-06
"Immunityboost_245-305" 0.000431659688057883 0.000189285701151405 0.0002754828642819 0.000464254912720951 0.00110282920938532 0.00284423778114909 0.00166681156767186 0.000133152131078758 0.000153267877550508 0.000132513408368542 0.000192273081094087 0.000370296063753195 0.000658761830949309 0.00116714599837002 0.00144281126026249 0.00144215284567017 0.000211828352389162 0.000291808619203129 0.000760498384677697 0.00122740424560535 0.00146971549474566 0.00160988330659269 0.000147212434730458 0.000187303791847202 0.000280112398169318 0.000421405026273905 0.000669899646748219 0.000832083336623741 0.00118814983231647 0.00140106513026997 0.0013739517276874 0.000159754348897753 0.000450144778664532 0.0010512719701809 0.000767798783151868 0.000205920053072424 0.00016467711280262 0.00019989626726582 0.000465357220088929 0.00157862444400126 0.00172635198329062 0.00019307449969308 0.000107250754181774 7.89023126219715e-05 4.09458669411801e-05 5.1422085098241e-05 3.79025577555153e-05 2.19867302961332e-05 -4.5803701720055e-05 -5.87491342422525e-05 -7.46718973379283e-05 -0.000103097043779761 -0.000139499848268511 -0.000201890163479681 -0.000269154632030176 -0.00022862108278445 1.30576820333845e-05
"Immunityboost_306-366" 0.000449585292628459 0.000179932761743457 0.000293514539303435 0.000481376348375865 0.00103027758619875 0.00166681156767186 0.0138590556953565 0.000120852813559094 0.000140115639502938 0.000115448910218229 0.000175214028101822 0.000383491916774823 0.000635987352755042 0.00120414842326411 0.00176068097856596 0.00167035175281004 0.000204309695455381 0.000291702914955488 0.000728020865507606 0.0012411086612434 0.00173598990013629 0.00214260585959907 0.000133568661781363 0.000174617524503125 0.000253872137461642 0.000415842390737234 0.000708523058809924 0.000853043700859656 0.00126116813129045 0.0017065883796116 0.00155895885033816 0.000145217730307885 0.000410945583688004 0.00108556920840449 0.000798222007884796 0.000214470747077563 0.00015387726437965 0.000183653206915757 0.000439253165491689 0.0018940975323322 0.00253652480284995 0.000185776409551152 0.000108080250704993 8.27170513993378e-05 4.60728929315109e-05 5.00688263744009e-05 3.91353946672108e-05 2.23039899215884e-05 -4.19795374306014e-05 -5.55026741388795e-05 -6.82359538607242e-05 -7.78405200469816e-05 -9.03030984233992e-05 -0.000217164441629321 -0.0003676705578687 -0.000375278067930015 2.28360524132983e-05
"Immunityfull_001-061" 0.000289054167907072 0.000331778313624723 0.000266267255082193 0.000198214896778914 0.00015457012364707 0.000133152131078758 0.000120852813559094 0.00459506908058195 0.000321886279247414 0.000364424797409876 0.000323853126441353 0.000252526249577732 0.000221545561368836 0.00017271796939588 0.000144631790136708 0.000134365913217502 0.000311860643321602 0.000255797587811269 0.000184237581720653 0.000159218790429285 0.0001436439558088 0.000135577650959999 0.000334315309569559 0.000305317275263797 0.0003070237053975 0.000285684408601524 0.000227904461403167 0.000210949676198065 0.000176397701699052 0.000156461011992159 0.000154517746651755 0.000314810087556077 0.000237173306447556 0.000191743599887278 0.000255693842859984 0.000333712892679958 0.000311525677421847 0.000313498096536504 0.000248039771276101 0.00012273635444238 0.000119998777587229 0.00020260500712841 -0.00011667343301535 -0.000127679832179148 -0.000104906177425056 -4.83792947925648e-05 -4.99297597250396e-05 -2.73168510550474e-05 -1.4041207498721e-05 -2.13108140561304e-06 1.38790554160498e-05 3.00862072029962e-05 3.15089989232964e-05 3.74805997539838e-05 2.71999802873341e-05 6.50787019637201e-05 -7.02741389615658e-06
"Immunityfull_062-122" 0.000289364623702738 0.000300571645366316 0.000299356526137846 0.000267295888222429 0.000179122298551065 0.000153267877550508 0.000140115639502938 0.000321886279247414 0.00368167605018375 0.00032563861235878 0.000316878526309603 0.000298739393482144 0.000248584019588205 0.000199592580479003 0.000166169073709294 0.000155060492371928 0.000310795600589838 0.00030444817748226 0.000229392916349566 0.000182285182385054 0.000164116328557685 0.000155266078858482 0.000332952526351713 0.000323919121269825 0.000304823735843089 0.000293937694440542 0.000265811690914092 0.000236490740698593 0.000203147293332095 0.000178718062519621 0.000175792121158089 0.000327846012817636 0.000291486359357459 0.000214472855124742 0.00024536955081366 0.000312008753193622 0.000324104405613135 0.000313607566092532 0.00029233945673757 0.000141842621988487 0.000138197301476564 0.000240108175506382 -7.69314598741392e-05 -0.000104977023284176 -0.000109903902183195 -4.23599162137533e-05 -4.07084435083492e-05 -2.31794609730754e-05 -1.66328948002802e-05 -2.86294173295651e-06 1.53848994165262e-05 3.58057828859603e-05 3.91041124324278e-05 4.15721870912895e-05 2.88143449584341e-05 6.78371089561309e-05 -9.1040003408021e-06
"Immunityfull_123-183" 0.000297966653697336 0.000324325895943403 0.000250463458286125 0.000204115957987051 0.000164222385278278 0.000132513408368542 0.000115448910218229 0.000364424797409876 0.00032563861235878 0.00175733299184716 0.000322829567319496 0.000256092385398562 0.000232908614871823 0.000184625825683469 0.000148326551594586 0.000136418651883973 0.000303264415223535 0.000250861782517284 0.000197474046013498 0.000169212683932279 0.000146420031075158 0.000135532931775716 0.000335962957880343 0.000304848234957523 0.000322484640474299 0.000290668918682937 0.000237255749853157 0.000224548773492351 0.000189890462254297 0.000164496807218928 0.000163499159704495 0.000315194036306246 0.000253483253116693 0.000210630181347073 0.000273407791302264 0.000334016524362433 0.000312358722112929 0.000317389876787367 0.000254790385727695 0.000117861242133099 0.000113107156381778 0.000245099837780714 -8.97532764150425e-05 -0.000206227536409867 -0.000166168822054118 -6.3252494449718e-05 -4.98941382309923e-05 -2.84713709313633e-05 -5.10861307653079e-06 1.24562466940988e-05 3.09788226175939e-05 4.98670567941771e-05 5.2875105515353e-05 6.03478136718426e-05 5.31541014250706e-05 9.40960606859409e-05 -4.22405272726948e-06
"Immunityfull_184-244" 0.000287876139189121 0.000320640827935181 0.000292681510416199 0.000249818424862346 0.000216094536820485 0.000192273081094087 0.000175214028101822 0.000323853126441353 0.000316878526309603 0.000322829567319496 0.00111659225410371 0.000284569963146804 0.000253835694757325 0.000223194976695442 0.00020239182156319 0.000188767239549412 0.000318578648169332 0.000292105562510105 0.000240776191097501 0.000218998259802525 0.000202440155353865 0.000191208803716208 0.000325449066112229 0.000314338748329541 0.000304580433089247 0.000298489835671379 0.000266817965118842 0.000249972205582783 0.000226629648793339 0.000213558396769502 0.000208935881788672 0.000312160751455375 0.000269512284993127 0.000228165342475443 0.000262510633114212 0.000317969957266557 0.000312303144555765 0.000309609369801947 0.000278071825153938 0.000179195899453939 0.000172938831107406 0.0002535968397003 7.2786551228699e-05 -2.12455007197371e-06 -1.99416114513305e-05 2.96384292591798e-05 1.41765868156521e-05 7.68923804624778e-06 -2.4993249093856e-05 -1.57064973457038e-05 4.07908430555276e-06 2.87014345451501e-05 3.17312077534248e-05 3.88247635798581e-05 2.94586607895102e-05 7.39467625241771e-05 -1.98530607149335e-07
"Immunityfull_245-305" 0.000299795895348571 0.00026831650134958 0.000338036988730208 0.000416219777658777 0.000356618149831752 0.000370296063753195 0.000383491916774823 0.000252526249577732 0.000298739393482144 0.000256092385398562 0.000284569963146804 0.00241475235019596 0.000342293407791068 0.000355149362290624 0.000370880919858807 0.000367334923835743 0.000293890752452643 0.000361564234275252 0.000381622278772144 0.000356498848363537 0.00036799890989491 0.000377294657883042 0.000282353137200482 0.000314512746033791 0.000303163004260845 0.00030828013300559 0.00036054472095216 0.000344440890113813 0.000355395418518748 0.000366801322671231 0.000361599491888888 0.000299070723245431 0.000366293334014871 0.000341302502209866 0.000299876696953527 0.00026602230362291 0.000301865181729911 0.000294820337907225 0.000343138594678771 0.000376571207515359 0.000381949210603999 0.000233448406383767 7.29034575020461e-05 2.50698144107845e-05 -1.59743767153824e-06 3.17077340720836e-05 2.09331801469476e-05 1.26518788782806e-05 -3.38001772428244e-05 -3.63014457703912e-05 -2.88030771695218e-05 -1.21302667508715e-05 -1.49034819401257e-05 -3.66907035815888e-05 -6.75718706551734e-05 -2.18937058758094e-05 1.10777830494036e-05
"Immunityfull_306-366" 0.000355883904268756 0.000226066622537132 0.000276210771540896 0.000447870690820342 0.000716318518409937 0.000658761830949309 0.000635987352755042 0.000221545561368836 0.000248584019588205 0.000232908614871823 0.000253835694757325 0.000342293407791068 0.00567014074316929 0.000639998205736785 0.000641861509781651 0.000678240703981449 0.00025116244126883 0.000312917349749092 0.000597856523158486 0.000680803084022385 0.000638586100943414 0.000620869315001451 0.000241189422411093 0.000266279748342409 0.000325138456142218 0.000358441611808406 0.000450933036679371 0.000571677765158575 0.000634452752531423 0.000636358982791652 0.000661387834286093 0.000259341463042802 0.00045046270903198 0.000633407233122947 0.000463934700615949 0.000242859782250022 0.000249968141507829 0.000277714206614717 0.000410174208463181 0.000645346284701688 0.000617177523008497 0.000234703131397401 3.11133407962198e-05 -3.37814312069361e-05 -5.11268034896115e-05 -2.47607951313173e-06 -3.34614679346787e-06 -2.39418849836109e-06 -2.19480630314271e-05 -1.85088225690683e-05 -1.02052621251213e-05 6.79316148970324e-06 8.7235798801677e-06 -1.98154205002246e-05 -6.34257097635526e-05 -8.3835105554721e-05 1.75918171342857e-05
"Immunityfull_367-427" 0.000422560830341304 0.000186497913613607 0.000231494222924563 0.00041877070106303 0.00101698427846161 0.00116714599837002 0.00120414842326411 0.00017271796939588 0.000199592580479003 0.000184625825683469 0.000223194976695442 0.000355149362290624 0.000639998205736785 0.007209679652247 0.00113914103807976 0.00115820366814191 0.000224014700551791 0.000285444807167209 0.000726672920835171 0.00109323327179458 0.00117077756630727 0.00119498154574932 0.000198170303712665 0.000224223465917574 0.00031766584917351 0.000428339931310317 0.000618605324583348 0.000780493138494365 0.00105117968204793 0.00113380795510464 0.00114738867952203 0.000212906770330168 0.000490822050990287 0.000965641418210408 0.000706212942127027 0.00022865293391921 0.000205529916518298 0.000240486856312297 0.000480653326432448 0.00119723788607968 0.00117113271446578 0.000247218226943872 0.000109145172584973 3.77559057427568e-05 2.77438195589888e-06 3.62908527362023e-05 2.13276583788925e-05 1.18294074501631e-05 -2.85183860298787e-05 -2.66112957534314e-05 -1.71448091442335e-05 -2.63639617420224e-06 -2.89490036034703e-06 -2.05547951739519e-05 -5.49034144229446e-05 -4.21640556349755e-05 9.10797455992177e-06
"Immunityfull_428-488" 0.000439925468653712 0.000187478627917102 0.000252430424531366 0.000441988142394596 0.00103899091359285 0.00144281126026249 0.00176068097856596 0.000144631790136708 0.000166169073709294 0.000148326551594586 0.00020239182156319 0.000370880919858807 0.000641861509781651 0.00113914103807976 0.0176275834827877 0.00142771645511792 0.00021941302468005 0.000289150277754244 0.000742522414643081 0.00119168482868317 0.00149770583151118 0.0017286196751482 0.000165988603702021 0.000201031574233254 0.000290728769285269 0.000431001451041421 0.000678727476497443 0.000836578843420513 0.00118149139806576 0.00147521150234625 0.0013843760969601 0.000178842391251223 0.000456057383711393 0.00104821021235528 0.000766753580865124 0.000226906070337129 0.000179559642682085 0.000214130939917369 0.000463596107847712 0.0015714666687583 0.0019668352851134 0.000217065735932423 0.000126696054163949 9.44105727674356e-05 4.97795960160418e-05 5.7435127159938e-05 4.68245825181055e-05 2.9816038731317e-05 -4.78324507247529e-05 -6.33432634606155e-05 -6.75316167991088e-05 -6.1813759826857e-05 -7.21255884179812e-05 -0.000119493476702552 -0.000173021691247976 -0.000145314456220277 2.25863750783618e-05
"Immunityfull_489-549" 0.000436809258177185 0.000173812066077595 0.000267048179050647 0.000474670428047097 0.00109207553371328 0.00144215284567017 0.00167035175281004 0.000134365913217502 0.000155060492371928 0.000136418651883973 0.000188767239549412 0.000367334923835743 0.000678240703981449 0.00115820366814191 0.00142771645511792 0.0570179182005032 0.000204308004762016 0.000286895692197037 0.000766090050744595 0.00121320757282588 0.0014459434868338 0.00160559122718767 0.000152892413414657 0.000188199187421793 0.000284077481130497 0.000422209169551919 0.000667103101154131 0.000840242306087873 0.00118169238273459 0.00139105953105837 0.00138031474542164 0.000166815843237129 0.000462471399043327 0.00105478001806541 0.000764517586776085 0.000206517754136599 0.000168889562948678 0.000206607870291825 0.000470967648336769 0.00155325882097816 0.00169611557020222 0.000206466874922735 0.000119434745883956 8.77671073398638e-05 3.15624111839233e-05 3.00454966421136e-05 2.67681639296652e-05 1.46023087714046e-05 -3.27727692771502e-05 -4.2924622031971e-05 -5.00340885936402e-05 -3.8662301698386e-05 -3.88687973682827e-05 -0.000121985836777487 -0.000221386073692609 -0.000323499501414175 5.05250906884988e-05
"Immunityhybridboost_001-061" 0.000281278249621019 0.000325284802863572 0.000311666426644101 0.000267507897765449 0.000219645922272619 0.000211828352389162 0.000204309695455381 0.000311860643321602 0.000310795600589838 0.000303264415223535 0.000318578648169332 0.000293890752452643 0.00025116244126883 0.000224014700551791 0.00021941302468005 0.000204308004762016 0.00573012436656422 0.000306595777050216 0.000246107318938397 0.000223355647685821 0.000219655433268483 0.000215126155496478 0.000318819125590555 0.000315303801573264 0.00029649028039481 0.000295310415940533 0.000271033885766616 0.000246917995084588 0.000226469626679934 0.000225499688480405 0.000217411251493311 0.000307068218079295 0.000263719388580355 0.000219377458866888 0.000253139675808455 0.000312672735549361 0.000310328604573525 0.000305169724483917 0.00027624172259317 0.00020462884986997 0.000205538770395067 0.000244517360708692 9.95115410396973e-05 4.79206598973628e-05 2.06288592500559e-05 5.21641740909703e-05 3.79004865666326e-05 2.17503169533913e-05 -3.989356176957e-05 -3.54133575781487e-05 -2.64103989817892e-05 -4.64793844167692e-06 5.35510149629819e-06 8.78791216056776e-06 -4.08023313214237e-06 4.35930943049419e-05 6.5665711284792e-06
"Immunityhybridboost_062-122" 0.000281957806204723 0.000282851396782788 0.000357410557859668 0.000409604907436137 0.000301549509523707 0.000291808619203129 0.000291702914955488 0.000255797587811269 0.00030444817748226 0.000250861782517284 0.000292105562510105 0.000361564234275252 0.000312917349749092 0.000285444807167209 0.000289150277754244 0.000286895692197037 0.000306595777050216 0.0048755793805356 0.000347346869492449 0.000286767732421519 0.000284455759167967 0.00028415323682917 0.00028843080032754 0.000321988264172124 0.000295436392348324 0.000294746862152024 0.000328475672198977 0.000298976082272464 0.000281337817878657 0.000282634719997374 0.000278465292991365 0.000303189166253419 0.000343547230236326 0.000271258463788578 0.000252057226073311 0.000268715533971781 0.000308322373366931 0.00029656802564019 0.00032586657604296 0.000292164479012928 0.000292337834582784 0.000227005597490117 9.40738098542359e-05 5.02800834174875e-05 2.58079004892764e-05 5.03825573809144e-05 3.77679729203406e-05 2.19243418280718e-05 -4.25375405774496e-05 -4.48585721571316e-05 -4.68449163019316e-05 -4.22939480764917e-05 -3.51491640139118e-05 -5.01306035407655e-05 -7.53683858657793e-05 -3.81019748783173e-05 1.15818166716111e-05
"Immunityhybridboost_123-183" 0.00036218424540626 0.000210521246756908 0.00028832377374686 0.000530857772468543 0.000824588384689162 0.000760498384677697 0.000728020865507606 0.000184237581720653 0.000229392916349566 0.000197474046013498 0.000240776191097501 0.000381622278772144 0.000597856523158486 0.000726672920835171 0.000742522414643081 0.000766090050744595 0.000246107318938397 0.000347346869492449 0.0105009065716933 0.000782532441608806 0.000739046941943677 0.000715055592475211 0.000216408591675539 0.000266645486928899 0.000332685149411373 0.000372610866601922 0.000508296654348771 0.000639053669322136 0.000720340015964284 0.000734603629981215 0.000752186239260959 0.000249069942261445 0.000504669027277962 0.000710460177194419 0.000495651854151835 0.00022050805571661 0.000241229940137692 0.000272798283743985 0.000444420904034584 0.000744121247312501 0.000703526344060682 0.00023421586505099 0.000111889395941475 6.47686540271615e-05 3.31712887010943e-05 5.25257543910706e-05 4.00169844960656e-05 2.30036891393824e-05 -4.26837862581983e-05 -4.51321541039594e-05 -4.35264222994297e-05 -3.15846869829682e-05 -2.38382103966021e-05 -5.08496790855424e-05 -8.95557431261459e-05 -6.37754053289402e-05 1.98324549629667e-05
"Immunityhybridboost_184-244" 0.000426807749999637 0.000187761645031316 0.00023037031946389 0.000435315841673939 0.00110642806091329 0.00122740424560535 0.0012411086612434 0.000159218790429285 0.000182285182385054 0.000169212683932279 0.000218998259802525 0.000356498848363537 0.000680803084022385 0.00109323327179458 0.00119168482868317 0.00121320757282588 0.000223355647685821 0.000286767732421519 0.000782532441608806 0.0079698699011665 0.00122422304869409 0.00123191196382643 0.00018434547479785 0.000215348025036649 0.000321453238170309 0.000438349670135912 0.000638944732992408 0.000826584028973275 0.00110384795795377 0.00118427965446316 0.00120242051272235 0.000198972527095144 0.000505846052137043 0.00101689782263475 0.000733073590104983 0.000221372606102972 0.000193366372368898 0.000235479161466886 0.000492721079007257 0.00124804327105064 0.00120406576329759 0.000240861420267019 0.000135088218291019 9.26591453344278e-05 4.87468371475135e-05 6.48698236244547e-05 4.97902260682878e-05 2.92400782610812e-05 -4.69989027511979e-05 -4.92190920466316e-05 -4.79449288765268e-05 -3.37201385653231e-05 -2.55675711000256e-05 -4.45513911342143e-05 -7.8660528524568e-05 -4.55786765419799e-05 1.4762607599732e-05
"Immunityhybridboost_245-305" 0.000442165277306382 0.000187362836584255 0.000247286602650867 0.000423505415226048 0.0010595117041531 0.00146971549474566 0.00173598990013629 0.0001436439558088 0.000164116328557685 0.000146420031075158 0.000202440155353865 0.00036799890989491 0.000638586100943414 0.00117077756630727 0.00149770583151118 0.0014459434868338 0.000219655433268483 0.000284455759167967 0.000739046941943677 0.00122422304869409 0.0130109002532074 0.00170805595739399 0.000164922776340779 0.000197999248698476 0.000288366795500222 0.000436910902671533 0.000687265330428244 0.000840398894723473 0.00121018641159816 0.00147518492843398 0.0014069007381284 0.000175413817180125 0.000451916703766225 0.00106685034599692 0.000787165707552643 0.000226089861828685 0.000177334934231235 0.000210645279599001 0.000468879961592195 0.00158986890152009 0.00189527542994761 0.000217181527215529 0.00012779167290422 9.7659317943681e-05 5.51609304153059e-05 6.3141207834521e-05 4.97405181684683e-05 2.95353345584881e-05 -5.0194597377517e-05 -6.09349794571423e-05 -7.37940180247853e-05 -8.02078611519389e-05 -7.52106360402889e-05 -0.000113080295725223 -0.00015860075867376 -0.000133682285853454 1.7942290322058e-05
"Immunityhybridboost_306-366" 0.000455708653382265 0.00018134148196092 0.000258221184160492 0.000432243396758181 0.0010046230033779 0.00160988330659269 0.00214260585959907 0.000135577650959999 0.000155266078858482 0.000135532931775716 0.000191208803716208 0.000377294657883042 0.000620869315001451 0.00119498154574932 0.0017286196751482 0.00160559122718767 0.000215126155496478 0.00028415323682917 0.000715055592475211 0.00123191196382643 0.00170805595739399 0.144953690238201 0.000157269838656527 0.000190559439403875 0.00027107080338064 0.000433901455835668 0.000715616328163916 0.000856587185740304 0.00126174348027537 0.00169889517609901 0.00154056216803164 0.000167087839085833 0.000425328033420869 0.00109167822194638 0.000809187334936851 0.00023400385981327 0.000171038099355698 0.000200386061989821 0.000450433895247881 0.00181195109340385 0.0024835860345807 0.000214553273111298 0.000130576399876993 0.000103160462317867 6.05428396315847e-05 6.1300241882816e-05 5.18813604240513e-05 3.00590421379839e-05 -4.71449350256255e-05 -5.75302848490509e-05 -6.302093075331e-05 -5.66308203029256e-05 -4.66261472335047e-05 -0.000131118859432169 -0.000208781199626537 -0.000218151660975517 3.99972987499193e-05
"Immunityhybridfull_001-061" 0.000291459679044932 0.000313961546797677 0.000284066133428318 0.000233048643419365 0.000173659212609091 0.000147212434730458 0.000133568661781363 0.000334315309569559 0.000332952526351713 0.000335962957880343 0.000325449066112229 0.000282353137200482 0.000241189422411093 0.000198170303712665 0.000165988603702021 0.000152892413414657 0.000318819125590555 0.00028843080032754 0.000216408591675539 0.00018434547479785 0.000164922776340779 0.000157269838656527 0.0315919841836251 0.00032408647394568 0.000308732130062669 0.000300458908142302 0.000260152275526526 0.000236368319402104 0.000205434707460039 0.000184706410587433 0.000182449566601858 0.000329436329336968 0.000275110790595974 0.000215148488269373 0.00025522329617635 0.000325712904003432 0.00032408889292235 0.000317916537674964 0.00028174915206914 0.000130741359285976 0.000126867547598856 0.000263319737923148 1.54416034423945e-05 -0.000123028681503236 -7.03758958090748e-05 7.5482008240514e-06 2.08882129876473e-07 -4.97402208730679e-06 -1.5249003908951e-05 1.02940123711684e-05 3.69184212022934e-05 6.94641571729555e-05 7.98297399375686e-05 8.29583977537435e-05 7.17750447555454e-05 0.00011043789604604 1.44701097325804e-05
"Immunityhybridfull_062-122" 0.000287385441447901 0.000301768733348343 0.000309142144165972 0.000303067260741738 0.000214518277531264 0.000187303791847202 0.000174617524503125 0.000305317275263797 0.000323919121269825 0.000304848234957523 0.000314338748329541 0.000314512746033791 0.000266279748342409 0.000224223465917574 0.000201031574233254 0.000188199187421793 0.000315303801573264 0.000321988264172124 0.000266645486928899 0.000215348025036649 0.000197999248698476 0.000190559439403875 0.00032408647394568 0.00820143679640595 0.000306399382535551 0.000299027489329401 0.000286377415420607 0.000257755853827134 0.000227950146426613 0.000212819863425617 0.000208180107917901 0.000324303549041751 0.00030604849067188 0.000232523108103383 0.000250327244659775 0.000305387141229601 0.00032095942544595 0.000312809684051102 0.000299338120581711 0.000174221276326425 0.00017082659325586 0.000264996061130135 6.27403807779181e-05 -2.03120578287172e-05 -8.94277851979708e-06 3.87932596506265e-05 2.7304266366244e-05 9.82906906457532e-06 -1.73019643779753e-05 3.31459926109137e-06 2.02821724737065e-05 4.51683718975132e-05 5.07822024169843e-05 5.21182494463509e-05 3.88166967496184e-05 8.28295786003022e-05 1.30544830471489e-05
"Immunityhybridfull_123-183" 0.000309546625544044 0.000292256135468967 0.000272908940510701 0.000303798269290066 0.000328034721626727 0.000280112398169318 0.000253872137461642 0.0003070237053975 0.000304823735843089 0.000322484640474299 0.000304580433089247 0.000303163004260845 0.000325138456142218 0.00031766584917351 0.000290728769285269 0.000284077481130497 0.00029649028039481 0.000295436392348324 0.000332685149411373 0.000321453238170309 0.000288366795500222 0.00027107080338064 0.000308732130062669 0.000306399382535551 0.00517789994276287 0.000315149448037613 0.000315443777693245 0.00032995889487863 0.00032104295942754 0.000304162536264812 0.000306384589274068 0.000306377707375712 0.000331218443548222 0.00033020866650065 0.00031710649807103 0.000302258000129462 0.000302165352152383 0.000309253527874892 0.000314095946342971 0.000259631949342816 0.000244183006179421 0.000255551757561981 3.05595547609427e-05 -6.0981538396175e-05 -5.70786261121223e-05 2.33330303484946e-06 3.79584315898841e-06 7.74509166098156e-07 -1.95686521436261e-05 -4.30672881967113e-06 1.25761474475238e-05 4.07208016324216e-05 5.11085085831888e-05 5.12401223066138e-05 3.73897132664576e-05 7.86556868445901e-05 1.06924998858845e-05
"Immunityhybridfull_184-244" 0.000325534068877813 0.000279720997507199 0.000270722458242856 0.000297301519316572 0.000415724723377893 0.000421405026273905 0.000415842390737234 0.000285684408601524 0.000293937694440542 0.000290668918682937 0.000298489835671379 0.00030828013300559 0.000358441611808406 0.000428339931310317 0.000431001451041421 0.000422209169551919 0.000295310415940533 0.000294746862152024 0.000372610866601922 0.000438349670135912 0.000436910902671533 0.000433901455835668 0.000300458908142302 0.000299027489329401 0.000315149448037613 0.0037277993656369 0.000363397129632627 0.000392461105959756 0.000437599456504392 0.000445225044886062 0.000444256027720002 0.000296948901482402 0.000342978035495095 0.000423002118480271 0.000376030061663737 0.000297582911870352 0.000292486527267548 0.000298980372289252 0.000340294093629144 0.000412660333623273 0.000401434819593684 0.000264838037167628 8.51971184042096e-05 -1.33321571275868e-06 -1.42227227453878e-05 3.21942618126023e-05 2.26690169032844e-05 1.2134437138553e-05 -2.70851626121609e-05 -1.29588783308719e-05 1.08632156487282e-05 4.88021420252198e-05 6.24242277190151e-05 6.06060326977719e-05 4.3232384002074e-05 7.85053057576008e-05 1.04586971076025e-05
"Immunityhybridfull_245-305" 0.000352411789657142 0.000236014181179994 0.000282024839985307 0.000400397042373941 0.000593954885670885 0.000669899646748219 0.000708523058809924 0.000227904461403167 0.000265811690914092 0.000237255749853157 0.000266817965118842 0.00036054472095216 0.000450933036679371 0.000618605324583348 0.000678727476497443 0.000667103101154131 0.000271033885766616 0.000328475672198977 0.000508296654348771 0.000638944732992408 0.000687265330428244 0.000715616328163916 0.000260152275526526 0.000286377415420607 0.000315443777693245 0.000363397129632627 0.00782096377144139 0.000517441376009586 0.000631919427949665 0.000684400358591323 0.000674706737880534 0.000275497114599074 0.000418725177219014 0.000590485725365468 0.000466039786826435 0.000261596620342883 0.000271846905382221 0.000281159050449886 0.00039949778824975 0.000684260519050111 0.000724232736035161 0.000258042850695229 0.000104615630697955 4.60082628868527e-05 1.96134728931791e-05 4.73228554497619e-05 3.71827134643923e-05 1.94356278299695e-05 -3.29059535557798e-05 -2.57110719812718e-05 -1.21560165702423e-05 2.2124956887189e-05 3.443634948539e-05 2.14566437014162e-05 -5.88544029664569e-06 2.72402219944913e-05 2.04170649045845e-05
"Immunityhybridfull_306-366" 0.000384954497929039 0.000213584438595665 0.000245613874290157 0.00041683053600126 0.000810219213221323 0.000832083336623741 0.000853043700859656 0.000210949676198065 0.000236490740698593 0.000224548773492351 0.000249972205582783 0.000344440890113813 0.000571677765158575 0.000780493138494365 0.000836578843420513 0.000840242306087873 0.000246917995084588 0.000298976082272464 0.000639053669322136 0.000826584028973275 0.000840398894723473 0.000856587185740304 0.000236368319402104 0.000257755853827134 0.00032995889487863 0.000392461105959756 0.000517441376009586 0.0178951781976214 0.000790198067367422 0.000841480777253829 0.000844000967970846 0.000251628537913274 0.000469100240692257 0.000759710976161139 0.000558905884849492 0.000249112720876079 0.000241132498660253 0.000271853932746087 0.000438373826302827 0.000832049589780883 0.000883351583296064 0.000253476630837068 8.16188563192528e-05 1.5706498481198e-05 -1.76661732243973e-05 1.54261990836788e-05 1.72596055705973e-05 9.3139913593597e-06 -2.78232504918345e-05 -2.1930992038282e-05 -9.31434108097587e-06 2.35905745820578e-05 3.71736611450755e-05 1.84202154228722e-05 -1.35807014757152e-05 2.51697983611631e-06 2.63929587112032e-05
"Immunityhybridfull_367-427" 0.000430283380139205 0.000184205397793287 0.000219447324907884 0.000402443824738702 0.0010046411587141 0.00118814983231647 0.00126116813129045 0.000176397701699052 0.000203147293332095 0.000189890462254297 0.000226629648793339 0.000355395418518748 0.000634452752531423 0.00105117968204793 0.00118149139806576 0.00118169238273459 0.000226469626679934 0.000281337817878657 0.000720340015964284 0.00110384795795377 0.00121018641159816 0.00126174348027537 0.000205434707460039 0.000227950146426613 0.00032104295942754 0.000437599456504392 0.000631919427949665 0.000790198067367422 0.0281019520052339 0.00118387128366041 0.00118153680390651 0.000218903047424393 0.000492298151032267 0.000983614337586485 0.000722779631552252 0.000237511041912584 0.000210195261699644 0.000244579339206831 0.000484272311879089 0.00122560057421244 0.001246979714486 0.000259013236193907 0.000126742693726301 6.03072256694296e-05 1.02752687667555e-05 3.5145715215593e-05 2.79466058341597e-05 1.68323243568247e-05 -3.25811705678281e-05 -2.77700479490354e-05 -1.11196877457186e-05 2.22804821553249e-05 3.49310541786807e-05 1.48111065626275e-05 -2.01988808829078e-05 -3.86945562947464e-06 1.63107248997928e-05
"Immunityhybridfull_428-488" 0.000446707436078807 0.000184639357069499 0.000226605512227643 0.000411623838203028 0.00101916737604771 0.00140106513026997 0.0017065883796116 0.000156461011992159 0.000178718062519621 0.000164496807218928 0.000213558396769502 0.000366801322671231 0.000636358982791652 0.00113380795510464 0.00147521150234625 0.00139105953105837 0.000225499688480405 0.000282634719997374 0.000734603629981215 0.00118427965446316 0.00147518492843398 0.00169889517609901 0.000184706410587433 0.000212819863425617 0.000304162536264812 0.000445225044886062 0.000684400358591323 0.000841480777253829 0.00118387128366041 0.0681365658903221 0.00137498125996058 0.000196429076942425 0.00046938588503299 0.00105565837601717 0.000775806400522309 0.000241440146971102 0.000193021546567713 0.000227807499935352 0.000473729775628804 0.00151388832843667 0.0019089285193021 0.000241655172610209 0.000146180826644881 0.000113395829379633 5.70746522886749e-05 6.02249169099659e-05 5.32438533783249e-05 3.36688056515133e-05 -5.2686403882916e-05 -6.21385669467615e-05 -5.6936169222898e-05 -1.87232458329768e-05 -3.60785163432842e-06 -3.32489223408366e-05 -7.77527154659269e-05 -5.84483430066925e-05 3.02702853288493e-05
"Immunityhybridfull_489-549" 0.00044563613503664 0.000176943311130521 0.000228392465282005 0.000419899691720564 0.00106534355027816 0.0013739517276874 0.00155895885033816 0.000154517746651755 0.000175792121158089 0.000163499159704495 0.000208935881788672 0.000361599491888888 0.000661387834286093 0.00114738867952203 0.0013843760969601 0.00138031474542164 0.000217411251493311 0.000278465292991365 0.000752186239260959 0.00120242051272235 0.0014069007381284 0.00154056216803164 0.000182449566601858 0.000208180107917901 0.000306384589274068 0.000444256027720002 0.000674706737880534 0.000844000967970846 0.00118153680390651 0.00137498125996058 0.334687482094801 0.000194078048247408 0.000481662126349016 0.00106284642849675 0.000777573107401177 0.000230278105113426 0.00019037340910713 0.000227697983917321 0.000485931553800252 0.00145470268221562 0.00158643562277617 0.000236966519957519 0.000141479041798651 0.00010931766904188 3.3171502611449e-05 2.37443925960916e-05 3.05121659152428e-05 1.7491312357295e-05 -3.89844603539177e-05 -4.88337678269628e-05 -4.47655480030281e-05 -6.09503632478801e-06 1.33508789154548e-05 -3.39586547594781e-05 -8.97845844519812e-05 -0.00011429845907924 6.73087021133184e-05
