"Immunity_other" "Immunityboost_001-061" "Immunityboost_062-122" "Immunityboost_123-183" "Immunityboost_184-244" "Immunityfull_001-061" "Immunityfull_062-122" "Immunityfull_123-183" "Immunityfull_184-244" "Immunityfull_245-305" "Immunityfull_306-366" "Immunityfull_367-427" "Immunityfull_428-488" "Immunityhybridboost_001-061" "Immunityhybridboost_062-122" "Immunityhybridboost_123-183" "Immunityhybridfull_001-061" "Immunityhybridfull_062-122" "Immunityhybridfull_123-183" "Immunityhybridfull_184-244" "Immunityhybridfull_245-305" "Immunityhybridfull_306-366" "Immunityinf_062-122" "Immunityinf_123-183" "Immunityinf_306-366" "Immunityinf_367-427" "Immunityinf_428-488" "Immunityinf_489-549" "DCCI1" "DCCI2" "DCCI3" "DCCI4" "DCCI5" "DCCI6+" "DCCInodcci" "AgeGr0-11" "AgeGr12-15" "AgeGr16-17" "AgeGr18-24" "AgeGr25-29" "AgeGr30-34" "AgeGr35-39" "AgeGr45-49" "AgeGr50-54" "AgeGr55-59" "AgeGr60-64" "AgeGr65-69" "AgeGr70-74" "AgeGr75-79" "AgeGr80+" "SexM"
"Immunity_other" 0.0084956828037053 0.00032935047945641 0.000303543001778098 0.000288287511197435 0.000320244921025355 0.000347851425612521 0.000357756061143892 0.000375074798772171 0.000342719382888628 0.000314298485565711 0.000300683201780265 0.000294141946190168 0.000338080831798352 0.000322701961791728 0.000305229896925956 0.000292692988566444 0.00034441234130196 0.000325760616746281 0.000328792691919167 0.000339682626337331 0.000323178739027875 0.000309236648702954 0.000370849104967753 0.00036904408586141 0.000372124081233811 0.000378601171226164 0.000399164786077788 0.000408657560088044 -2.59678657779727e-05 -2.41501826193844e-05 -2.43404156396999e-05 -2.45690806152723e-05 -1.64108231377588e-05 1.86968608282925e-05 -0.000642209271436596 0.000227698376035995 -0.000152093235894489 -0.000119115068276219 -8.80465937002882e-05 -6.25582213558462e-05 -4.33822329692884e-05 -1.49177015244016e-05 3.02323210167535e-05 4.70228481520247e-05 5.69561767705868e-05 6.68274214132944e-05 8.91249195212095e-05 9.26716918317969e-05 9.41811069283564e-05 0.000123993854379775 3.63572008152449e-05
"Immunityboost_001-061" 0.00032935047945641 0.0025675600447731 0.000318538580277929 0.000172202084181459 0.000108907034913528 0.000395689358885161 0.000322215424586156 0.000402678436513699 0.000397682639128738 0.000296876374915251 0.000239301825312642 0.000131968415403154 8.62875749278988e-05 0.000368803426925746 0.000291621174805802 0.000166782873562212 0.000368229892696848 0.00034990296253966 0.000332215248990818 0.000363295854799515 0.000287031137652135 0.000256126662530222 0.000321148697510939 0.000222666432523689 0.000386362816870876 0.000320995823883913 0.000324281502125024 0.000246296333691853 -2.62170163868864e-05 -2.77318888528883e-05 -1.42023651848807e-05 2.93134774156662e-06 2.16511930267816e-05 6.52842441888551e-05 -1.838070465029e-05 0.000302155581414008 0.000187706714532482 9.35023300870431e-05 3.52475239492334e-05 7.4679230484289e-05 7.29935207241383e-05 4.77591578870132e-05 -4.2159986769735e-05 -5.71533185956805e-05 -6.61094082262832e-05 -7.37965295612959e-05 -0.000110778832917773 -8.67626454752929e-05 -3.36488423705967e-05 7.46490211461391e-05 -2.0201708014344e-07
"Immunityboost_062-122" 0.000303543001778098 0.000318538580277929 0.001081074532605 0.000309371781492123 0.000224152321019636 0.000308741173751673 0.000315090668456063 0.000292525095749485 0.000311363923116425 0.000325367137460213 0.000311482659174254 0.000280298089061443 0.000202693019445872 0.000319118471669303 0.000327947600609336 0.000292506738016418 0.000293924261408268 0.000316340151726425 0.000301260551553599 0.000297272662917093 0.00030511603920912 0.00029764127051929 0.000284945112063784 0.00027119856900555 0.000302212579248499 0.000301567923889404 0.000297951559278739 0.00030331354235154 -2.78723977907606e-05 -3.57042385997714e-05 -2.610091220844e-05 -9.7372608195153e-06 9.5036051573848e-06 5.68841388029758e-05 -3.57744350498241e-05 0.000176268369691103 8.99185758258642e-05 3.13855680441176e-05 3.34508254544829e-06 2.93314349270503e-05 3.28631099885294e-05 2.18541655099207e-05 -2.27125752287216e-05 -3.20687264664637e-05 -4.54738359615577e-05 -8.02127215629287e-05 -0.000127898020964583 -0.000163916364991438 -0.000179261942065016 -0.000101366312106445 -8.83872666962399e-06
"Immunityboost_123-183" 0.000288287511197435 0.000172202084181459 0.000309371781492123 0.00234937136294842 0.000912332972844938 0.000185206547234684 0.000312037585677846 0.000213120867076437 0.000203288202936261 0.000383834864495539 0.000422324156697044 0.000651554834741423 0.000899255676647189 0.00025320688143187 0.000363817852800363 0.000680136154376858 0.000211484215493895 0.000270876898174843 0.000353606940425341 0.000247575501230841 0.000398763340705468 0.000394618710083108 0.00027029454955406 0.000525212648249112 0.000180352214860168 0.000295134836288282 0.000293556316850699 0.000430303247804419 -2.73785517308999e-05 -3.84801321137222e-05 -3.260627822042e-05 -1.81857047766719e-05 1.2993710663229e-06 4.87035583146842e-05 -4.81893205302642e-05 0.000128866231088386 6.072994976734e-05 1.8409779726385e-05 1.39823595353733e-06 1.69779442462491e-05 2.08689347593454e-05 1.41970611073011e-05 -1.39451634362565e-05 -2.07602758861349e-05 -2.94681706906369e-05 -5.25463323508261e-05 -7.8788488021295e-05 -0.000146160925555991 -0.000223190879605911 -0.000195404531708754 -1.68105275681811e-05
"Immunityboost_184-244" 0.000320244921025355 0.000108907034913528 0.000224152321019636 0.000912332972844938 0.0564473957113763 0.00012064541128407 0.000226965186560166 0.000226790805129824 0.000135287153390715 0.000344508716731657 0.000608691314229736 0.00120391101304501 0.00565295289640952 0.00018830946199261 0.000337021501033509 0.00113769318934446 0.000132694706230912 0.000223605417977314 0.00039890527250298 0.000250492529812283 0.000440205315369897 0.000650176989567557 0.000266771615781819 0.000704953908902647 0.000106718011413642 0.000237877548350602 0.000313853304018876 0.000454370322435895 -2.73116202133484e-05 -4.01695918226551e-05 -3.84088100739221e-05 -2.86568089712441e-05 -1.17935944607353e-05 3.16119108974903e-05 -6.07725381431674e-05 0.000110243957498081 5.01598463866397e-05 1.41400212742599e-05 5.60263993076539e-06 1.3886482560595e-05 1.74082517745201e-05 1.13054684753304e-05 -9.80760289261939e-06 -1.73017542709533e-05 -2.13761073598204e-05 -3.27331184438417e-05 -3.70409497189104e-05 -0.000107863286450391 -0.000212641744398263 -0.000252132198247844 -2.56319489998857e-05
"Immunityfull_001-061" 0.000347851425612521 0.000395689358885161 0.000308741173751673 0.000185206547234684 0.00012064541128407 0.00901294649329665 0.000350246022310895 0.000412674609627758 0.000388083974854205 0.000295554561246317 0.000252071512338755 0.000167057330481038 0.00012068565868013 0.000352273790848607 0.000290167466830362 0.000180924115492646 0.00038736569946374 0.000349313436260146 0.000332355456921462 0.000370293424622748 0.000297543139201826 0.00026801263582285 0.000366870850016399 0.000286678604478004 0.000396270253309303 0.000350896382607395 0.00035748579723909 0.00030911458166391 -4.04829091900149e-06 -1.18436690005868e-06 8.8249198495887e-06 2.4934179581184e-05 3.72387090746801e-05 7.90171710548662e-05 -0.000199393200686629 0.000318094923028028 -0.000186919991964105 -0.000239473425938334 -0.000205291170421832 -0.000105353617135363 -7.50815339668299e-05 -3.68465817179791e-05 1.65997818870494e-05 3.18211732749462e-05 5.0048269931199e-05 5.57366851918568e-05 6.46769170736492e-05 8.87706141476176e-05 0.000108795498576094 0.000177169039748173 7.87909401041824e-06
"Immunityfull_062-122" 0.000357756061143892 0.000322215424586156 0.000315090668456063 0.000312037585677846 0.000226965186560166 0.000350246022310895 0.00673170983398958 0.000391897089636358 0.000363284875630224 0.000340002573214928 0.000286082483805748 0.00028515173647883 0.000238093619306928 0.000342828771069041 0.000328563947059174 0.000309609663311217 0.00038993102847465 0.000360036824297658 0.000366187476736093 0.000382510745316366 0.000365990730654752 0.00030044534281836 0.000405048813864232 0.00042929906029745 0.000375797986667964 0.000390865985760479 0.000391270816047009 0.000433540057235672 -1.60109108561118e-06 6.92251368306185e-07 1.2612106524145e-05 2.79264690727372e-05 4.53681055710227e-05 8.0688768917554e-05 -0.000411143971476606 0.000504839380063348 1.76566338514779e-05 -0.000191094336474548 -0.000280712611502036 -0.000124759927293072 -6.89354376404957e-05 -3.81737371221748e-05 1.17347810753521e-05 4.02812715267022e-05 7.45862598144842e-05 0.000100371031967753 0.000124299312749938 0.000152080755291954 0.000176747764931944 0.000250590092836324 -3.2352941662797e-06
"Immunityfull_123-183" 0.000375074798772171 0.000402678436513699 0.000292525095749485 0.000213120867076437 0.000226790805129824 0.000412674609627758 0.000391897089636358 0.00566112137719083 0.00041296688191435 0.00030608405591315 0.000244521608319316 0.000191637182233882 0.000228661233883276 0.000361968705572481 0.000290135093258306 0.000220294892313404 0.000433492351636775 0.000368338542394853 0.000376765737187107 0.000410169924810136 0.000329890574624971 0.000274502387425991 0.000415279490818493 0.000373469295067748 0.000421362038074887 0.000385163513275347 0.000395185026352067 0.00036484704233024 -7.86370136723668e-06 -9.85727833861733e-07 8.73305964342495e-06 2.50791455150358e-05 4.32532752678329e-05 7.90043984463166e-05 -0.000344975606215606 0.000586153897397121 -8.70381199828677e-05 -0.000737380851718417 -0.00058893613533865 -0.000267429411751063 -0.000135594073826118 -6.98219814620986e-05 4.4955835545048e-05 8.69371115168679e-05 0.000125580559672211 0.000149981429687403 0.000178769016078175 0.000219442251346406 0.000256285620209218 0.000341605940046522 4.97139996886186e-06
"Immunityfull_184-244" 0.000342719382888628 0.000397682639128738 0.000311363923116425 0.000203288202936261 0.000135287153390715 0.000388083974854205 0.000363284875630224 0.00041296688191435 0.00245414792275962 0.000311873562456593 0.000249893118860766 0.000176545027419069 0.000134145468848288 0.000366862327634854 0.000303626266516693 0.000203164725902931 0.000406637232001821 0.000367945584110823 0.000355885544901948 0.000397734191414368 0.000328581397258803 0.000274341908191694 0.000376355869582562 0.000314064572486028 0.000398419513907189 0.000356730685351246 0.000355100298525769 0.000319360307003499 -1.02953469988862e-05 -5.2967560613605e-06 9.2694314244823e-06 2.47496904922129e-05 3.8913011322097e-05 8.00262433486618e-05 -9.49757046023318e-05 0.000521030724529536 0.000332456575291599 0.000135581017011884 1.29509400087942e-05 9.19880122068904e-05 9.41434926378155e-05 5.66727091665468e-05 -1.62882796858043e-05 9.92592580739583e-06 4.52561405267103e-05 9.17613910955791e-05 0.0001181834818995 0.000160137059992206 0.000199875174343677 0.000287368629048222 1.74390105706045e-05
"Immunityfull_245-305" 0.000314298485565711 0.000296876374915251 0.000325367137460213 0.000383834864495539 0.000344508716731657 0.000295554561246317 0.000340002573214928 0.00030608405591315 0.000311873562456593 0.00332531297588763 0.000324978901243756 0.000357805570921744 0.00034036132094832 0.000318890032536637 0.000337518013156307 0.000379764740106589 0.000312767420328975 0.00032577257595821 0.000340700992159504 0.000323523968992138 0.000354820530995834 0.000321658704291922 0.000319348489561747 0.000376441558707371 0.000301857087963008 0.000328207634674216 0.00032231469461167 0.0003651711936766 -1.94059207539409e-05 -2.06953400841916e-05 -1.1190326607352e-05 3.25217313513695e-06 2.03512889741729e-05 6.07099333861387e-05 -8.07508721021543e-05 0.000272886515433582 0.000175869406105834 0.00010456901255445 4.69186136417088e-05 6.67045288935147e-05 6.65497760011565e-05 4.38708587095603e-05 -3.4152846906879e-05 -4.62167548902789e-05 -5.31807761614439e-05 -4.43439032456026e-05 -4.81887130087215e-05 -6.3864818011788e-05 -7.04993920765282e-05 8.24704948207378e-06 3.47461192893825e-05
"Immunityfull_306-366" 0.000300683201780265 0.000239301825312642 0.000311482659174254 0.000422324156697044 0.000608691314229736 0.000252071512338755 0.000286082483805748 0.000244521608319316 0.000249893118860766 0.000324978901243756 0.00533259621303139 0.000460444016830153 0.000606039575464226 0.000268133105386443 0.000319588758944916 0.000424426288890815 0.000246401786568675 0.000273486829043373 0.00028921449744066 0.00025800941985304 0.000317132866930722 0.000357315313251075 0.000263564740625744 0.000333814316456249 0.000245774819001705 0.00028765021525716 0.000296989777885614 0.000338799484442868 -2.12672453613787e-05 -2.567402876022e-05 -2.52457112112521e-05 -1.85760544541491e-05 7.62787880025457e-06 4.63798850790477e-05 -8.99024866930059e-05 0.000164888582352504 8.69869339016857e-05 3.89402370406222e-05 8.48624815600469e-06 1.81988382669048e-05 2.46106692000733e-05 1.63222209485569e-05 -1.28378241625162e-05 -1.73108416116455e-05 -2.35933711472653e-05 -2.59226829839914e-05 -2.56757702373061e-05 -6.31911921226708e-05 -0.000121644596950961 -0.000190735529699105 5.26924535965062e-05
"Immunityfull_367-427" 0.000294141946190168 0.000131968415403154 0.000280298089061443 0.000651554834741423 0.00120391101304501 0.000167057330481038 0.00028515173647883 0.000191637182233882 0.000176545027419069 0.000357805570921744 0.000460444016830153 0.0229548217183587 0.00123192470340952 0.000220127096119372 0.000340125108907569 0.000685014862247484 0.000194928937983004 0.000242063400028696 0.000322907105853741 0.00023089878115624 0.000383354037813075 0.0004317554655066 0.000262072886944774 0.000513958512150022 0.000168017879918699 0.000289003866991419 0.000302549767207718 0.000435404255542017 -2.21662535395677e-05 -2.74286539253781e-05 -2.96311841848223e-05 -3.64074031073768e-05 -4.03651466968561e-06 2.50157332418659e-05 -0.000143744877640816 0.000156589979604772 8.83480671589291e-05 5.12120048857228e-05 2.75023659943315e-05 1.04484523722729e-05 2.06904819760012e-05 1.19380030719642e-05 -9.02414231258379e-06 -1.12615444597497e-05 -1.08599767559842e-05 -1.25341182998326e-05 3.04467377271904e-06 -1.17756792027216e-05 -5.52600158716225e-05 -0.000240146178103116 5.71814947135313e-05
"Immunityfull_428-488" 0.000338080831798352 8.62875749278988e-05 0.000202693019445872 0.000899255676647189 0.00565295289640952 0.00012068565868013 0.000238093619306928 0.000228661233883276 0.000134145468848288 0.00034036132094832 0.000606039575464226 0.00123192470340952 1.00533101321872 0.0001767361385533 0.000324169048829491 0.00111769219182135 0.000145513581507699 0.000216264668400196 0.000393255390283715 0.000253288001145716 0.00044738209023092 0.00064489905867406 0.000289267377665097 0.000733990500516491 0.000124784947285594 0.000270836044175594 0.000349668649740238 0.000500658271117607 -2.17912319090384e-05 -3.32786578717881e-05 -3.29730333518844e-05 -4.98290561966368e-05 -7.90346611473233e-06 1.23762823774633e-06 -0.000308186432013502 0.00019515751761767 0.000120034064993795 8.54463208066915e-05 7.15278510537015e-05 1.14899188133236e-06 2.7653720862625e-05 1.52660553206125e-05 -1.793149257677e-06 -6.81038978663886e-06 1.89407766164546e-06 3.13483385437663e-06 4.2053961045782e-05 4.26684485198096e-05 -7.14662140565403e-06 -0.000205967890316572 6.22851952561843e-05
"Immunityhybridboost_001-061" 0.000322701961791728 0.000368803426925746 0.000319118471669303 0.00025320688143187 0.00018830946199261 0.000352273790848607 0.000342828771069041 0.000361968705572481 0.000366862327634854 0.000318890032536637 0.000268133105386443 0.000220127096119372 0.0001767361385533 0.100355245673616 0.000317530536993857 0.000253037111071574 0.00036591135869773 0.000352827630869224 0.000344254777667798 0.000367720682926727 0.000331499273227512 0.000286281337079061 0.000340603200987059 0.000306714010425171 0.000360021971108021 0.000334887403975512 0.000330362382768848 0.000312715246589306 -4.55357919893841e-05 -5.51666808074839e-05 -5.30393256475803e-05 -4.14155908330037e-05 -3.17933301128622e-05 6.07788162157919e-06 -5.16071513058431e-05 0.000358556763088764 0.000252371283470739 0.000163544955114054 9.76594302893746e-05 0.000117666803697647 0.000111320459100832 7.39562108104695e-05 -5.43743466712014e-05 -5.6333854144301e-05 -5.12307433004533e-05 -3.24228752322927e-05 1.40768848711196e-05 4.10800342313697e-05 6.8161003950766e-05 0.000159325869405733 -9.08436571225241e-06
"Immunityhybridboost_062-122" 0.000305229896925956 0.000291621174805802 0.000327947600609336 0.000363817852800363 0.000337021501033509 0.000290167466830362 0.000328563947059174 0.000290135093258306 0.000303626266516693 0.000337518013156307 0.000319588758944916 0.000340125108907569 0.000324169048829491 0.000317530536993857 0.0717670018456976 0.000362252060528037 0.000303296026566794 0.000322384041830049 0.000327002481243613 0.000314336828150652 0.00034200392039429 0.000318350787476473 0.000305430614485996 0.000344341742169629 0.000295362247835586 0.000315844326891605 0.00031016385050629 0.000345445616656221 -4.31332435672787e-05 -5.64164602640232e-05 -5.71182630282884e-05 -5.47514537267698e-05 -4.84855055414537e-05 -1.35552950854393e-05 -6.82598983019071e-05 0.000222000735744873 0.000136378817607925 7.69020804888671e-05 4.25612872717134e-05 5.9261743457511e-05 5.91784323391583e-05 3.97826804949126e-05 -3.9062960536484e-05 -5.07227102684177e-05 -6.01398096551036e-05 -8.54226426659571e-05 -7.0669662442174e-05 -7.25099738914064e-05 -7.20192182141439e-05 -8.6640359727182e-06 -4.59803990493376e-06
"Immunityhybridboost_123-183" 0.000292692988566444 0.000166782873562212 0.000292506738016418 0.000680136154376858 0.00113769318934446 0.000180924115492646 0.000309609663311217 0.000220294892313404 0.000203164725902931 0.000379764740106589 0.000424426288890815 0.000685014862247484 0.00111769219182135 0.000253037111071574 0.000362252060528037 1.00071816802438 0.000218198535374775 0.000273873132776295 0.000367787854501067 0.000260290946525041 0.000413000376966267 0.0004136009990227 0.000281403264446355 0.000555021266569695 0.000182664132040294 0.000299379994820097 0.000302567881486303 0.000439936885632982 -3.79804623098886e-05 -5.67061636938365e-05 -6.21011213539793e-05 -7.16060801759985e-05 -7.10277902322204e-05 -4.28871393117043e-05 -8.04186684184237e-05 0.000149698035416692 8.14252033417483e-05 3.84479279917997e-05 2.13297364447097e-05 3.03721154114882e-05 3.36380853245065e-05 2.26427098634412e-05 -2.37216890848064e-05 -3.29924593614751e-05 -4.00933473403338e-05 -6.2352919161791e-05 -5.36116388108647e-05 -8.65285818280678e-05 -0.000132374620509902 -0.000119171510884566 4.09415926934679e-06
"Immunityhybridfull_001-061" 0.00034441234130196 0.000368229892696848 0.000293924261408268 0.000211484215493895 0.000132694706230912 0.00038736569946374 0.00038993102847465 0.000433492351636775 0.000406637232001821 0.000312767420328975 0.000246401786568675 0.000194928937983004 0.000145513581507699 0.00036591135869773 0.000303296026566794 0.000218198535374775 0.33379277796782 0.000385834802084054 0.00038012321286763 0.000435818885285865 0.000357624719215604 0.000284270425881226 0.000425015335024814 0.000383453868466764 0.000403687148183772 0.000369953280667286 0.000358173120264517 0.000343870704774484 -3.7484053572127e-05 -3.47351279439014e-05 -3.09168254529353e-05 -2.17927501778999e-05 -1.09138583885883e-05 2.00063170005865e-05 3.37271097233582e-05 0.000766957881039267 0.000218684567917935 -0.000322969274269373 -0.000107086822058442 7.91797938243237e-05 0.000105115233668126 5.87583901056807e-05 5.2245014457951e-05 0.000164228536542666 0.000264525425718998 0.000380615572379631 0.000477861316526078 0.000523384035111015 0.000547165532434125 0.000619799400889765 2.37899262995727e-05
"Immunityhybridfull_062-122" 0.000325760616746281 0.00034990296253966 0.000316340151726425 0.000270876898174843 0.000223605417977314 0.000349313436260146 0.000360036824297658 0.000368338542394853 0.000367945584110823 0.00032577257595821 0.000273486829043373 0.000242063400028696 0.000216264668400196 0.000352827630869224 0.000322384041830049 0.000273873132776295 0.000385834802084054 0.0559178213067284 0.000356858525212396 0.000382259803874142 0.00034832752780386 0.000294401456408711 0.00036612702244919 0.000349935426865481 0.000360705972228862 0.000344486715151423 0.000335262106594785 0.000334614459716517 -4.04375686592529e-05 -4.66633004683594e-05 -4.36158338647425e-05 -3.31893814861723e-05 -2.02625266934424e-05 1.44293526388354e-05 -9.95691948497487e-06 0.00050952116150086 0.000277922642094259 6.12754782043848e-05 7.47119632787751e-05 0.000139983763266407 0.000137124645945709 8.50432263393674e-05 2.85744524933757e-06 6.04144395026267e-05 9.54340272016298e-05 0.000131152622447845 0.000168664896698734 0.000201783029988814 0.000228321378702463 0.000320222652093572 7.77026543842526e-06
"Immunityhybridfull_123-183" 0.000328792691919167 0.000332215248990818 0.000301260551553599 0.000353606940425341 0.00039890527250298 0.000332355456921462 0.000366187476736093 0.000376765737187107 0.000355885544901948 0.000340700992159504 0.00028921449744066 0.000322907105853741 0.000393255390283715 0.000344254777667798 0.000327002481243613 0.000367787854501067 0.00038012321286763 0.000356858525212396 0.0912946224743006 0.000384133784062981 0.000376912658273365 0.000313417250955099 0.000372553630171428 0.000426628878066429 0.000343194352313873 0.000349935371647532 0.000341835552161245 0.000366769873208393 -3.84359613394093e-05 -4.36066699403556e-05 -4.00542214539327e-05 -2.79612195682185e-05 -1.46374413885228e-05 1.64423461566222e-05 -1.39366621963164e-05 0.00048570349230206 0.00022910848834648 -5.27259024862361e-05 -5.31820490780125e-05 3.44164471228295e-05 6.72375493079325e-05 5.18962457207081e-05 -1.41438439600624e-05 1.97714244633417e-05 4.53547805379248e-05 8.38337856798544e-05 0.00014256510326663 0.000178024146403962 0.000200157826932979 0.000293588600446933 8.51672287978922e-06
"Immunityhybridfull_184-244" 0.000339682626337331 0.000363295854799515 0.000297272662917093 0.000247575501230841 0.000250492529812283 0.000370293424622748 0.000382510745316366 0.000410169924810136 0.000397734191414368 0.000323523968992138 0.00025800941985304 0.00023089878115624 0.000253288001145716 0.000367720682926727 0.000314336828150652 0.000260290946525041 0.000435818885285865 0.000382259803874142 0.000384133784062981 0.100430439954667 0.000372321855115061 0.000296561100174813 0.00040876487884124 0.000391341858716332 0.000393821464636095 0.000370244896465674 0.000360536564036013 0.0003569648890961 -3.83620261473344e-05 -3.63819299477474e-05 -3.15001633286598e-05 -1.91072239757774e-05 -6.79510869318017e-06 1.84329212272802e-05 -1.3372596501972e-05 0.000647109620914759 0.000470406768202475 0.000257905832612762 8.97993207586012e-05 0.000126950060460639 0.000134632720958012 8.51481828970824e-05 -4.65937522462957e-05 -1.09945866048737e-05 6.39633850615028e-05 0.000183211845748632 0.000307750909948575 0.0003634913371232 0.000393979478296909 0.000465869940726371 1.69367601618457e-05
"Immunityhybridfull_245-305" 0.000323178739027875 0.000287031137652135 0.00030511603920912 0.000398763340705468 0.000440205315369897 0.000297543139201826 0.000365990730654752 0.000329890574624971 0.000328581397258803 0.000354820530995834 0.000317132866930722 0.000383354037813075 0.00044738209023092 0.000331499273227512 0.00034200392039429 0.000413000376966267 0.000357624719215604 0.00034832752780386 0.000376912658273365 0.000372321855115061 1.00039784368949 0.000336791406423538 0.000366201793105838 0.000452262861790887 0.000322190936047814 0.000355762344050618 0.000346639245448318 0.000407316316843125 -4.22804469854512e-05 -4.78440325936355e-05 -4.87954222256316e-05 -4.23565586956288e-05 -2.94810530494728e-05 -8.39832506194227e-06 -9.75916265153719e-05 0.000417843227434372 0.000317006636489178 0.000235677925024746 0.000141736955494465 0.000120752846893204 0.000119557998287491 7.46821418946211e-05 -7.25740546080098e-05 -9.01448803185577e-05 -6.43612695912026e-05 1.28987567838787e-05 0.000115072681563705 0.000146237129113422 0.000153881405763477 0.000214157699363042 3.27096604537448e-05
"Immunityhybridfull_306-366" 0.000309236648702954 0.000256126662530222 0.00029764127051929 0.000394618710083108 0.000650176989567557 0.00026801263582285 0.00030044534281836 0.000274502387425991 0.000274341908191694 0.000321658704291922 0.000357315313251075 0.0004317554655066 0.00064489905867406 0.000286281337079061 0.000318350787476473 0.0004136009990227 0.000284270425881226 0.000294401456408711 0.000313417250955099 0.000296561100174813 0.000336791406423538 0.333691576287174 0.000293953733785766 0.000358197283248297 0.000273106532038511 0.000305049098628302 0.00031372127640489 0.000348998568345906 -3.24493673242176e-05 -4.86400453189417e-05 -6.5491424236595e-05 -6.80896770668864e-05 -6.6359343052645e-05 -6.47661273627281e-05 -0.000113567972382916 0.000250884432476993 0.000168051880352568 0.000115234532440065 6.65313656638654e-05 3.04701378748796e-05 3.97179809498751e-05 2.44077022989578e-05 -3.0297267973876e-05 -3.67862286695371e-05 -4.01234936921069e-05 1.34396688403708e-06 6.16691091401446e-05 5.23431845890115e-05 2.18074111090145e-05 -1.2786282519772e-05 6.44255733286883e-05
"Immunityinf_062-122" 0.000370849104967753 0.000321148697510939 0.000284945112063784 0.00027029454955406 0.000266771615781819 0.000366870850016399 0.000405048813864232 0.000415279490818493 0.000376355869582562 0.000319348489561747 0.000263564740625744 0.000262072886944774 0.000289267377665097 0.000340603200987059 0.000305430614485996 0.000281403264446355 0.000425015335024814 0.00036612702244919 0.000372553630171428 0.00040876487884124 0.000366201793105838 0.000293953733785766 0.0719154764419491 0.000493919221809183 0.00042206590235643 0.000426681385987589 0.00042318595697232 0.0004510726802754 -1.50129648971252e-05 -2.88515909951058e-06 4.35975816479728e-06 1.90991082907769e-05 2.92412823816742e-05 6.42093431299505e-05 -0.00045235355167494 -0.000219216374610342 -0.000886953908731253 -0.000518981529294998 3.3513040329419e-05 0.000110753706462623 8.54615296487065e-05 3.73371262092552e-05 5.11523799360229e-05 0.000162454261326366 0.000238850126824276 0.000325415278437724 0.000404205169927618 0.000445215030141607 0.000473178123428092 0.000532872493869364 2.93597519219719e-05
"Immunityinf_123-183" 0.00036904408586141 0.000222666432523689 0.00027119856900555 0.000525212648249112 0.000704953908902647 0.000286678604478004 0.00042929906029745 0.000373469295067748 0.000314064572486028 0.000376441558707371 0.000333814316456249 0.000513958512150022 0.000733990500516491 0.000306714010425171 0.000344341742169629 0.000555021266569695 0.000383453868466764 0.000349935426865481 0.000426628878066429 0.000391341858716332 0.000452262861790887 0.000358197283248297 0.000493919221809183 0.200702368270745 0.000348557657019515 0.000441273660071239 0.000436189429725776 0.000573176955184733 -1.34018642108815e-05 -9.47797256422042e-07 5.97580968402034e-06 1.9528402651565e-05 3.05835279816555e-05 6.91501416819201e-05 -0.000546500217760873 -8.747263484071e-05 -0.00093519198216834 -0.000602604169340938 -1.4943009371384e-05 0.000113557410767305 0.000106767317428522 5.92670171560923e-05 4.20196829518288e-05 0.00016716993280182 0.000252397327160652 0.000330071163696544 0.000405914481624795 0.000440081647732068 0.000459458501798438 0.000507902581097069 2.68501525576768e-05
"Immunityinf_306-366" 0.000372124081233811 0.000386362816870876 0.000302212579248499 0.000180352214860168 0.000106718011413642 0.000396270253309303 0.000375797986667964 0.000421362038074887 0.000398419513907189 0.000301857087963008 0.000245774819001705 0.000168017879918699 0.000124784947285594 0.000360021971108021 0.000295362247835586 0.000182664132040294 0.000403687148183772 0.000360705972228862 0.000343194352313873 0.000393821464636095 0.000322190936047814 0.000273106532038511 0.00042206590235643 0.000348557657019515 0.0671042128708185 0.000404695937105834 0.0004149617778673 0.000386407193234273 -2.2173817070676e-05 -2.2178806431873e-05 -1.55639518327579e-05 -6.00339066563191e-06 9.9843431535201e-06 4.6383723802115e-05 -0.000553433075535813 -4.33582176502095e-05 -1.207826675725e-05 4.11337313480433e-05 0.000100815938612991 2.88510084498847e-05 1.73909955928122e-05 1.21130244357252e-05 -1.09231259944254e-05 -4.82725832031253e-06 6.86687598012507e-06 4.60344631327953e-05 0.000140934050775187 0.00017421935656094 0.000206487954220641 0.000278531631556519 2.56105116873121e-05
"Immunityinf_367-427" 0.000378601171226164 0.000320995823883913 0.000301567923889404 0.000295134836288282 0.000237877548350602 0.000350896382607395 0.000390865985760479 0.000385163513275347 0.000356730685351246 0.000328207634674216 0.00028765021525716 0.000289003866991419 0.000270836044175594 0.000334887403975512 0.000315844326891605 0.000299379994820097 0.000369953280667286 0.000344486715151423 0.000349935371647532 0.000370244896465674 0.000355762344050618 0.000305049098628302 0.000426681385987589 0.000441273660071239 0.000404695937105834 0.0837574808999305 0.000438174973598107 0.000473970812030634 -2.28482887365224e-05 -2.47361423184953e-05 -2.03821700035691e-05 -1.06963090788062e-05 3.60637485460328e-06 3.5530886644159e-05 -0.00080298314334485 -7.64342437650506e-05 -1.21068757927923e-05 3.64935751458184e-05 0.000134007941418611 2.88204413803992e-05 5.3290721482267e-06 7.69873513230904e-06 1.76897269067054e-06 1.21894956040298e-05 2.00661123412116e-05 6.26185969345588e-05 0.000137613953349939 0.000164825042819855 0.000182114267653924 0.000229354037557189 3.00625012312175e-05
"Immunityinf_428-488" 0.000399164786077788 0.000324281502125024 0.000297951559278739 0.000293556316850699 0.000313853304018876 0.00035748579723909 0.000391270816047009 0.000395185026352067 0.000355100298525769 0.00032231469461167 0.000296989777885614 0.000302549767207718 0.000349668649740238 0.000330362382768848 0.00031016385050629 0.000302567881486303 0.000358173120264517 0.000335262106594785 0.000341835552161245 0.000360536564036013 0.000346639245448318 0.00031372127640489 0.00042318595697232 0.000436189429725776 0.0004149617778673 0.000438174973598107 0.50046955187849 0.000501996313221765 -2.19328027512752e-05 -2.1111424106043e-05 -2.33218515397729e-05 -1.75708196285804e-05 -1.04564588647807e-05 1.79934261767426e-05 -0.001111865402215 4.44711416728486e-05 -1.770396323353e-05 2.21428819232022e-05 0.000121588502723394 -1.14411177827214e-05 -1.84448769362093e-05 -2.226184952583e-06 -1.88308981099475e-05 -2.03085660316002e-05 -8.60866818361434e-06 2.99358834976473e-05 0.000103572384194017 0.000123140291720043 0.00013278615010409 0.000159514557076908 3.27957214795115e-05
"Immunityinf_489-549" 0.000408657560088044 0.000246296333691853 0.00030331354235154 0.000430303247804419 0.000454370322435895 0.00030911458166391 0.000433540057235672 0.00036484704233024 0.000319360307003499 0.0003651711936766 0.000338799484442868 0.000435404255542017 0.000500658271117607 0.000312715246589306 0.000345445616656221 0.000439936885632982 0.000343870704774484 0.000334614459716517 0.000366769873208393 0.0003569648890961 0.000407316316843125 0.000348998568345906 0.0004510726802754 0.000573176955184733 0.000386407193234273 0.000473970812030634 0.000501996313221765 1.00062579399954 -2.04603958896769e-05 -2.34814076585076e-05 -1.97203793490576e-05 -2.23338950459734e-05 -8.31375295135049e-06 2.21172277126369e-05 -0.00136387573268822 0.000119649195115034 -3.43216977988938e-05 6.78465915013439e-06 9.39539062769583e-05 -6.30255582544122e-05 -3.57174514558342e-05 -8.29858434368936e-06 -1.70518368614021e-05 -1.0691502732032e-05 5.5936185068207e-06 5.11428238702099e-05 0.000131878359600687 0.000145614924844218 0.000146150541836031 0.00017385463193094 2.86814924183473e-05
"DCCI1" -2.59678657779727e-05 -2.62170163868864e-05 -2.78723977907606e-05 -2.73785517308999e-05 -2.73116202133484e-05 -4.04829091900149e-06 -1.60109108561118e-06 -7.86370136723668e-06 -1.02953469988862e-05 -1.94059207539409e-05 -2.12672453613787e-05 -2.21662535395677e-05 -2.17912319090384e-05 -4.55357919893841e-05 -4.31332435672787e-05 -3.79804623098886e-05 -3.7484053572127e-05 -4.04375686592529e-05 -3.84359613394093e-05 -3.83620261473344e-05 -4.22804469854512e-05 -3.24493673242176e-05 -1.50129648971252e-05 -1.34018642108815e-05 -2.2173817070676e-05 -2.28482887365224e-05 -2.19328027512752e-05 -2.04603958896769e-05 0.00194900334567295 0.00113808335117967 0.0011520251376673 0.0011599880870063 0.00116382740358689 0.00116289293944008 0.00101453304185466 0.000395817569710709 0.00015140004077268 0.000146064733204883 9.46477505950586e-05 6.00872073366483e-05 7.7927509462949e-05 5.05351943596018e-05 -5.82070244096904e-05 -0.000127640642909206 -0.000207445968981057 -0.000279265687920022 -0.000334978231347989 -0.000369372764889342 -0.000389900901553321 -0.000405463689467578 3.02040006844585e-06
"DCCI2" -2.41501826193844e-05 -2.77318888528883e-05 -3.57042385997714e-05 -3.84801321137222e-05 -4.01695918226551e-05 -1.18436690005868e-06 6.92251368306185e-07 -9.85727833861733e-07 -5.2967560613605e-06 -2.06953400841916e-05 -2.567402876022e-05 -2.74286539253781e-05 -3.32786578717881e-05 -5.51666808074839e-05 -5.64164602640232e-05 -5.67061636938365e-05 -3.47351279439014e-05 -4.66633004683594e-05 -4.36066699403556e-05 -3.63819299477474e-05 -4.78440325936355e-05 -4.86400453189417e-05 -2.88515909951058e-06 -9.47797256422042e-07 -2.2178806431873e-05 -2.47361423184953e-05 -2.1111424106043e-05 -2.34814076585076e-05 0.00113808335117967 0.00202251019897413 0.00121401977891181 0.00122765275662781 0.00123471360140355 0.00123440850931381 0.00101049107144258 0.000381822473723142 0.000243492549358463 0.000232619881001642 0.000146036022428534 9.63443989437741e-05 9.73362054867037e-05 5.94789190779449e-05 -7.00857573595085e-05 -0.00016694764051896 -0.000276223631725964 -0.000383110834439324 -0.000472991680908376 -0.000535578836475844 -0.000576638924998445 -0.000603470254995494 -4.28292808547211e-07
"DCCI3" -2.43404156396999e-05 -1.42023651848807e-05 -2.610091220844e-05 -3.260627822042e-05 -3.84088100739221e-05 8.8249198495887e-06 1.2612106524145e-05 8.73305964342495e-06 9.2694314244823e-06 -1.1190326607352e-05 -2.52457112112521e-05 -2.96311841848223e-05 -3.29730333518844e-05 -5.30393256475803e-05 -5.71182630282884e-05 -6.21011213539793e-05 -3.09168254529353e-05 -4.36158338647425e-05 -4.00542214539327e-05 -3.15001633286598e-05 -4.87954222256316e-05 -6.5491424236595e-05 4.35975816479728e-06 5.97580968402034e-06 -1.55639518327579e-05 -2.03821700035691e-05 -2.33218515397729e-05 -1.97203793490576e-05 0.0011520251376673 0.00121401977891181 0.00211363291629564 0.00126191235205829 0.00127249637919094 0.00127433504480577 0.00101371848197783 0.000352066569460469 0.000211983160403951 0.00020166890894178 0.00011717021194063 8.24582008683921e-05 8.97735170301338e-05 5.66182280054133e-05 -6.85098208931991e-05 -0.000166187304404146 -0.000280462658864396 -0.000400894819599544 -0.000506329366309945 -0.000588918749119887 -0.000647555385195805 -0.00069927093518364 -1.30863697861954e-05
"DCCI4" -2.45690806152723e-05 2.93134774156662e-06 -9.7372608195153e-06 -1.81857047766719e-05 -2.86568089712441e-05 2.4934179581184e-05 2.79264690727372e-05 2.50791455150358e-05 2.47496904922129e-05 3.25217313513695e-06 -1.85760544541491e-05 -3.64074031073768e-05 -4.98290561966368e-05 -4.14155908330037e-05 -5.47514537267698e-05 -7.16060801759985e-05 -2.17927501778999e-05 -3.31893814861723e-05 -2.79612195682185e-05 -1.91072239757774e-05 -4.23565586956288e-05 -6.80896770668864e-05 1.90991082907769e-05 1.9528402651565e-05 -6.00339066563191e-06 -1.06963090788062e-05 -1.75708196285804e-05 -2.23338950459734e-05 0.0011599880870063 0.00122765275662781 0.00126191235205829 0.00240069860555777 0.00129830055616717 0.00130254664549147 0.00101675836907614 0.000345371225715061 0.000202737134681641 0.000189056995024811 0.000105073053173215 7.56767495840781e-05 8.44745872863727e-05 5.34215260715493e-05 -6.57623436395989e-05 -0.000159291640649128 -0.000271648051210667 -0.000393866892375118 -0.000511128999092121 -0.000604214199432903 -0.000685001780991313 -0.000754872905958605 -2.44377796904596e-05
"DCCI5" -1.64108231377588e-05 2.16511930267816e-05 9.5036051573848e-06 1.2993710663229e-06 -1.17935944607353e-05 3.72387090746801e-05 4.53681055710227e-05 4.32532752678329e-05 3.8913011322097e-05 2.03512889741729e-05 7.62787880025457e-06 -4.03651466968561e-06 -7.90346611473233e-06 -3.17933301128622e-05 -4.84855055414537e-05 -7.10277902322204e-05 -1.09138583885883e-05 -2.02625266934424e-05 -1.46374413885228e-05 -6.79510869318017e-06 -2.94810530494728e-05 -6.6359343052645e-05 2.92412823816742e-05 3.05835279816555e-05 9.9843431535201e-06 3.60637485460328e-06 -1.04564588647807e-05 -8.31375295135049e-06 0.00116382740358689 0.00123471360140355 0.00127249637919094 0.00129830055616717 0.00266783941046494 0.00132138266200538 0.00101860496538568 0.00034790522710452 0.000200904639925613 0.000184272719574095 9.930254833016e-05 7.23164809883874e-05 8.23412234869033e-05 5.19969683865856e-05 -6.43237361964165e-05 -0.000155303118139714 -0.000266912756574122 -0.000387960400558297 -0.000506259411875089 -0.000607474224292517 -0.000699084804125261 -0.000791084133568509 -3.63139443147677e-05
"DCCI6+" 1.86968608282925e-05 6.52842441888551e-05 5.68841388029758e-05 4.87035583146842e-05 3.16119108974903e-05 7.90171710548662e-05 8.0688768917554e-05 7.90043984463166e-05 8.00262433486618e-05 6.07099333861387e-05 4.63798850790477e-05 2.50157332418659e-05 1.23762823774633e-06 6.07788162157919e-06 -1.35552950854393e-05 -4.28871393117043e-05 2.00063170005865e-05 1.44293526388354e-05 1.64423461566222e-05 1.84329212272802e-05 -8.39832506194227e-06 -6.47661273627281e-05 6.42093431299505e-05 6.91501416819201e-05 4.6383723802115e-05 3.5530886644159e-05 1.79934261767426e-05 2.21172277126369e-05 0.00116289293944008 0.00123440850931381 0.00127433504480577 0.00130254664549147 0.00132138266200538 0.00214321044057442 0.00101543202135469 0.000369476936879369 0.000210517560348984 0.000186733153149552 9.9110989097084e-05 7.46446736086364e-05 8.52778028417306e-05 5.28379661369059e-05 -6.50975411709742e-05 -0.000155568944593058 -0.000263013419073657 -0.000381876035666731 -0.000499916254896362 -0.000604021527879958 -0.000702289193266044 -0.000802165667898188 -4.77920835534986e-05
"DCCInodcci" -0.000642209271436596 -1.838070465029e-05 -3.57744350498241e-05 -4.81893205302642e-05 -6.07725381431674e-05 -0.000199393200686629 -0.000411143971476606 -0.000344975606215606 -9.49757046023318e-05 -8.07508721021543e-05 -8.99024866930059e-05 -0.000143744877640816 -0.000308186432013502 -5.16071513058431e-05 -6.82598983019071e-05 -8.04186684184237e-05 3.37271097233582e-05 -9.95691948497487e-06 -1.39366621963164e-05 -1.3372596501972e-05 -9.75916265153719e-05 -0.000113567972382916 -0.00045235355167494 -0.000546500217760873 -0.000553433075535813 -0.00080298314334485 -0.001111865402215 -0.00136387573268822 0.00101453304185466 0.00101049107144258 0.00101371848197783 0.00101675836907614 0.00101860496538568 0.00101543202135469 0.00986279758625981 0.000143026920708743 0.000590741489992597 0.000540640810828557 -0.000508254348498048 -0.000288652079934101 -3.11187399737336e-05 -3.51952455046014e-05 5.34672560664727e-05 1.70113462781019e-05 4.91190574387312e-05 5.1271296414676e-05 9.27643106311109e-05 5.76844003780497e-05 2.26190832026077e-05 -2.83080092211619e-05 -7.42229752522761e-05
