"Immunity_other" "Immunitybnew_001-061" "Immunitybnew_062-122" "Immunitybnew_123-183" "Immunityboost_001-061" "Immunityboost_062-122" "Immunityboost_123-183" "Immunityboost_184-244" "Immunityboost_245-305" "Immunityboost_306-366" "Immunityboost_367-427" "Immunityboost_428-488" "Immunityboost_489-549" "Immunityfull_001-061" "Immunityfull_062-122" "Immunityfull_123-183" "Immunityfull_184-244" "Immunityfull_245-305" "Immunityfull_306-366" "Immunityfull_367-427" "Immunityfull_428-488" "Immunityfull_489-549" "Immunityhybridboost_001-061" "Immunityhybridboost_062-122" "Immunityhybridboost_123-183" "Immunityhybridboost_184-244" "Immunityhybridboost_245-305" "Immunityhybridboost_306-366" "Immunityhybridboost_367-427" "Immunityhybridboost_428-488" "Immunityhybridboost_489-549" "Immunityhybridfull_001-061" "Immunityhybridfull_062-122" "Immunityhybridfull_123-183" "Immunityhybridfull_184-244" "Immunityhybridfull_245-305" "Immunityhybridfull_306-366" "Immunityhybridfull_367-427" "Immunityhybridfull_428-488" "Immunityhybridfull_489-549" "Immunityinf_062-122" "Immunityinf_123-183" "Immunityinf_184-244" "Immunityinf_245-305" "Immunityinf_306-366" "Immunityinf_367-427" "Immunityinf_428-488" "Immunityinf_489-549" "Immunitysecbnew_001-061" "Immunitysecbnew_062-122" "Immunitysecbnew_123-183" "Immunitysecboost_001-061" "Immunitysecboost_062-122" "Immunitysecboost_123-183" "Immunitysecboost_184-244" "AgeGr45-49" "AgeGr50-54" "AgeGr55-59" "AgeGr60-64" "AgeGr65-69" "SexM"
"Immunity_other" 0.00102958612944054 0.000289310398558685 0.000359652739188893 0.000383838664178231 0.000253487879124619 0.000254204458253551 0.000249439007538549 0.000247565785500521 0.000256289789238108 0.000278002395438197 0.00035683102379484 0.000380650089686076 0.000389576065776841 0.000259617131885732 0.000256824321242446 0.000248175750950791 0.000247572309347364 0.000254597290009384 0.000256618073247386 0.000257760291208729 0.00027151996259991 0.000301720180253296 0.000261715440854999 0.000276561324708155 0.000265852473513098 0.000256253154353624 0.000263488272571328 0.000301479496147336 0.000368274285745587 0.000383224876821795 0.000391605120461795 0.000262591366105389 0.000270132933596671 0.000257667919843594 0.00025579561768974 0.000260151073845017 0.000275990193923867 0.000294528868058662 0.000301145836901839 0.000318097837587642 0.000270167803054256 0.000257177097181444 0.000256665611906337 0.000260358710652281 0.000282798521942221 0.000343984283555029 0.000346073540021795 0.000260778878937655 0.000283237018682107 0.000356772843705616 0.00038151048669034 0.000254926611032707 0.000287173081942547 0.000357684310629048 0.000378440936214471 -1.05047565336928e-05 -6.92732871585792e-06 -1.95242872907211e-06 1.00406370434758e-05 1.63361787307608e-05 8.08850562354366e-06
"Immunitybnew_001-061" 0.000289310398558685 0.500401947464727 0.0003305943021524 0.000301062225646112 0.000243046933021837 0.000245541382257121 0.000228093136343948 0.000224290594478399 0.000255948755251546 0.000370595245026094 0.000335462368394056 0.000304945440716598 0.000298512932475041 0.000257149180195034 0.000246951281265103 0.000225839434643572 0.00022389740029403 0.000242100274039523 0.000264440266721606 0.000242237041584698 0.000284169399200323 0.000375837211770612 0.000275118661882299 0.000292360517918975 0.000245872509718247 0.000238148275113214 0.000278319626791513 0.000370358917324841 0.000322725910531959 0.000303601671696011 0.000296982664828704 0.000260331635975129 0.000288609393938263 0.000233046068260177 0.000234576220552025 0.000265635940768212 0.000300745252347873 0.000281741058197276 0.000296852005610277 0.000349347526041222 0.000291661958340295 0.000233040102927115 0.0002366295399261 0.000267072897619861 0.00031222819431567 0.000345838828314739 0.00029216648078531 0.000232129152942642 0.000407045233457596 0.000332223818384331 0.000302387349118578 0.000270466725588115 0.000376187863979538 0.000333127152827936 0.000304584510253236 -8.20138011296286e-06 -9.33140977007438e-06 -1.00876029724959e-05 -1.23170733748598e-05 -1.05929859677964e-05 -1.89630375347335e-06
"Immunitybnew_062-122" 0.000359652739188893 0.0003305943021524 0.167242657461195 0.000547233792236382 0.000216357358377515 0.000220776468190924 0.00021422854065227 0.000209031541812609 0.000222678592570989 0.000293460626832624 0.000556865371107454 0.000553429903991899 0.000532368184658844 0.000235663009927488 0.000232238334235677 0.000213212850943407 0.000208196518002225 0.000216077854315666 0.000227682615901477 0.0002321140129944 0.000258382078951204 0.000374729043869078 0.000239616976446211 0.00029259875711323 0.000258283283366146 0.000223616367534691 0.000237414256442514 0.000369139887538032 0.000563279568957071 0.000551820418101303 0.000525496443903191 0.000232672216406666 0.00026327501520894 0.000232715919900227 0.000216881998123036 0.000226197724964693 0.000282920655298738 0.000334837965054962 0.000344060584982886 0.000409828984378429 0.00026414713901785 0.000232585942965219 0.000218683145351337 0.000226725166924121 0.000298792947008423 0.000480681301000081 0.000488303411158025 0.00023494025521502 0.000321259222588811 0.000577698977239015 0.000549237977856616 0.000229326461443688 0.000342010199544007 0.000558768644709763 0.000560199339510384 -9.45405261842214e-06 -1.23031599842673e-05 -1.28609940227776e-05 -1.43871653895092e-05 -1.30872396666617e-05 -1.72484682216942e-06
"Immunitybnew_123-183" 0.000383838664178231 0.000301062225646112 0.000547233792236382 1.0007799663857 0.000212019616032029 0.000214382820565486 0.000210679799148805 0.000206334428428157 0.000218154190728367 0.000265400552895331 0.0005379343033118 0.00075236592110202 0.000822866894662108 0.0002308695460297 0.000227286345205442 0.000210371175866215 0.000205303772983248 0.000211652466547817 0.000219242302551104 0.000224878968408281 0.000260300486190517 0.000336677672530898 0.000233191108419579 0.000277059823143788 0.000262455804148655 0.000222952481261828 0.000230139962648506 0.000337027174324779 0.000606497718393029 0.000757030227407466 0.000840804143712485 0.000230015552226282 0.000249834138938458 0.000230915468542206 0.000214758224287027 0.000219348993020852 0.000263041119020281 0.000345363385318623 0.000367742795334286 0.000410037457269098 0.000250767728711505 0.000230311983474975 0.000216813540129137 0.00021946288551055 0.000276267080060013 0.000514305161785263 0.000542667096255272 0.000252692317661517 0.000288573863568203 0.000547365063014226 0.000780923705099978 0.000223717997690338 0.000304683431664077 0.000583021022830388 0.000746762620268754 -8.2862995968137e-06 -1.07642287875741e-05 -1.14837595949583e-05 -1.63587310008928e-05 -2.00133523260101e-05 6.64709191140322e-09
"Immunityboost_001-061" 0.000253487879124619 0.000243046933021837 0.000216357358377515 0.000212019616032029 0.047903923061733 0.000284769944672586 0.000292103910886879 0.000287839668553878 0.000277153093907931 0.000252489559263251 0.000218787409996587 0.000211585826091037 0.000213064480091592 0.00028616453643039 0.000303255591602187 0.000311721823383861 0.000289289856160301 0.000282987052114153 0.00028017290428259 0.000281328570989648 0.000268679112092826 0.000241906313629865 0.000273468218088969 0.0002650898572636 0.000277774519779652 0.000282817656684105 0.000273041861663755 0.000242787092934383 0.000217528710011943 0.000213008603068169 0.00021371980773858 0.000278458479067836 0.000272709993156688 0.000286071546391891 0.000285392120044421 0.000278383771559765 0.000265715645812563 0.000259652807140091 0.00025434016485579 0.000239131510042408 0.000271095096109635 0.000285247461046578 0.000284506628646493 0.000278504184360539 0.000261163109449895 0.000227965167103414 0.000234241833199157 0.000282201908412304 0.000242020517354641 0.000213990245209185 0.000209862012225823 0.000272171607507687 0.000242406962946538 0.000213767284546822 0.000209654375378587 -8.38566383002449e-06 -3.65542115579051e-06 3.25519122009019e-06 9.36396724928183e-06 1.13576464085376e-05 2.25563320010488e-06
"Immunityboost_062-122" 0.000254204458253551 0.000245541382257121 0.000220776468190924 0.000214382820565486 0.000284769944672586 0.0139958298210649 0.000313512972580786 0.000295383919443224 0.000268442869738744 0.000251356292929235 0.000223256963035593 0.000213259824141519 0.000215626855945474 0.000278471309125703 0.000294247076766286 0.000309090970129973 0.000299745053334503 0.000280698656961154 0.000287347317811952 0.000283199792473529 0.000261922549716928 0.000245971518569319 0.000270246452064204 0.000268731857608286 0.00028603396767768 0.000283899528536474 0.000266195287685124 0.000244794871190871 0.00022215700834829 0.000215597160983421 0.000216751754574724 0.000275800630944822 0.000279209258946233 0.000298658352843888 0.000287014524453696 0.00027643054323795 0.000266736149781104 0.000261744670822826 0.000251949696140581 0.00024276201815311 0.000278056976164968 0.00029767169030002 0.000284791944648294 0.000277616932009725 0.000258375178779938 0.000233438508235312 0.000242890681680544 0.00028819753839058 0.000242731683000671 0.000216652778399098 0.000210578704888681 0.000263045273204514 0.000240905587419484 0.000215986509635247 0.000210310613577969 -8.60432227572295e-06 -1.54612606668498e-06 9.41989606175076e-06 1.9716756287181e-05 1.96365076321558e-05 2.76128055514273e-06
"Immunityboost_123-183" 0.000249439007538549 0.000228093136343948 0.00021422854065227 0.000210679799148805 0.000292103910886879 0.000313512972580786 0.00305412753703784 0.000310378082913308 0.000259170141128402 0.000235049741015372 0.000216141709184823 0.000209640774869151 0.000212518896683981 0.000282718333515165 0.000315930410209266 0.000362822707804604 0.000323548253148221 0.000279311493235005 0.000304321071197008 0.00028464249193719 0.000250060552101653 0.000232628753067216 0.000264731770107918 0.000273825056433209 0.000307899080702773 0.000286660865769814 0.000254972829367392 0.000230539023971276 0.000216336106379568 0.000212009323609954 0.000213529941058796 0.000270874833261282 0.000293089712787547 0.000329646535089275 0.000291109654670032 0.000270624345730259 0.000262119405879551 0.000257839473469343 0.000242142442652731 0.000231847516884043 0.00029239456850354 0.000326688946860534 0.000287375574306213 0.000271922226575484 0.000245065891290463 0.000224496373288732 0.000251996482550762 0.000299933078591599 0.00022504175864512 0.000210346757044886 0.000207215962915783 0.000252732489471546 0.000225198433638379 0.000209613019211378 0.000206702345231034 -1.12655278921524e-05 -6.14777019232455e-06 2.79806809395499e-06 1.60564345318221e-05 1.90472742662446e-05 3.45119380967208e-06
"Immunityboost_184-244" 0.000247565785500521 0.000224290594478399 0.000209031541812609 0.000206334428428157 0.000287839668553878 0.000295383919443224 0.000310378082913308 0.000561124972616291 0.000266278076903006 0.000233993046627739 0.000210747126105532 0.0002065042830004 0.000207527559832843 0.000277529026590399 0.000292930926182954 0.000311364562779546 0.000315247490136186 0.000282375401139856 0.000287664443199537 0.000291570854024658 0.000250637917629495 0.000228784369759223 0.000268518832783036 0.00026222687548763 0.000293232485730331 0.000293355412461043 0.00025820705484372 0.000226700446620385 0.000210017362804528 0.000207467712717486 0.000207718401367655 0.000273998649431399 0.000267577255074626 0.000308286460074367 0.000293426839121084 0.000273163976129151 0.00025739399142194 0.000258369338430538 0.00023991059717185 0.000227564264162027 0.000265692313001165 0.000308716618609897 0.000289984886936442 0.000275462770977522 0.000242256166381856 0.000216866592890567 0.000234390787384229 0.000300452668001894 0.00022385472063733 0.000207738426681092 0.000205295865848395 0.000261885445929945 0.000224612166373567 0.000207533007335883 0.000205097843600259 -1.45559411268983e-05 -1.27267588071114e-05 -8.55743646516858e-06 3.54782225161497e-07 -4.38472193153171e-07 1.00503399348234e-06
"Immunityboost_245-305" 0.000256289789238108 0.000255948755251546 0.000222678592570989 0.000218154190728367 0.000277153093907931 0.000268442869738744 0.000259170141128402 0.000266278076903006 0.000456508121611556 0.000268658343902504 0.000225339473103769 0.000220902661749246 0.000219028973653112 0.000274828389714045 0.000263420464579271 0.000257789939399979 0.000263151993958955 0.000281883569813259 0.000267505227185647 0.000271436059080888 0.000284160583836689 0.000248734900931912 0.000280477907182135 0.000265650829026224 0.00026173215782988 0.000274654373604104 0.000287472747447341 0.000253931535275466 0.000221939079652292 0.000219717596151405 0.000218049494632953 0.000280237138059499 0.000268058728756223 0.000258999422663845 0.000275041052092515 0.000280023842466392 0.000268574263173346 0.000257230042724163 0.000264155366172969 0.000244441465003087 0.000268309895599428 0.000259433177394965 0.000277123890826303 0.000277754630571368 0.000272559906941727 0.000230655291910104 0.000227096039919078 0.000264971629056594 0.000260603086572823 0.000225742249074521 0.000221063431069865 0.000290735225223132 0.000263288156937553 0.000226076941568529 0.000221651731024486 -1.74889379224034e-05 -1.77737054631582e-05 -1.93423544128943e-05 -2.2357670078799e-05 -2.77806745889512e-05 3.56315486356276e-06
"Immunityboost_306-366" 0.000278002395438197 0.000370595245026094 0.000293460626832624 0.000265400552895331 0.000252489559263251 0.000251356292929235 0.000235049741015372 0.000233993046627739 0.000268658343902504 0.000851680998108926 0.000299265892466754 0.000271338718545445 0.000266602053345372 0.000262237176061439 0.00025033311352906 0.00023227627109104 0.000231882248633848 0.000252468125993339 0.000265500924264628 0.000248874404908715 0.000286648588666741 0.000347513568212359 0.000280049168173909 0.000287604339913714 0.000249301953421248 0.000247939125226389 0.000284669588885427 0.000345388607777921 0.000286454868522148 0.000269664578428622 0.000265108766803141 0.000267940383997581 0.0002864900292244 0.000238617554096921 0.000245012722219047 0.00027137268922169 0.000294996544334183 0.000273091340426328 0.000287138645842149 0.000322691076420179 0.000289138976138311 0.00023892077514207 0.000247529316935826 0.000271739517072261 0.0003052066814197 0.000311497492365397 0.000265103636702519 0.000238760667221901 0.000378401816225665 0.000297471216792385 0.000268967371904438 0.000280315973824058 0.000354228306969484 0.000298361448424931 0.000270728758617363 -1.76636247370783e-05 -1.85689980527845e-05 -2.12789214107558e-05 -2.47062586891986e-05 -2.7866673292949e-05 9.80557393459293e-06
"Immunityboost_367-427" 0.00035683102379484 0.000335462368394056 0.000556865371107454 0.0005379343033118 0.000218787409996587 0.000223256963035593 0.000216141709184823 0.000210747126105532 0.000225339473103769 0.000299265892466754 0.00152490009790508 0.000542692975271924 0.000525575689562645 0.000237334422862046 0.000233833588030879 0.000214581118926417 0.000209568712568958 0.000218076486036051 0.000230645568216078 0.000233104411921192 0.00026115682480269 0.000374270419699129 0.00024310938474781 0.000293127933204496 0.000259016324913169 0.000225975079733272 0.00024127705345114 0.000369421571706285 0.000549850160614609 0.000541483832719963 0.000519017750868061 0.000236543791073238 0.000266539522981317 0.000234551380244891 0.000219655597819085 0.000230197543141198 0.000284629530636057 0.000332856927187584 0.000343172455305268 0.000406825377091874 0.000267525028062527 0.000234349475268703 0.000221551965696528 0.000230953897748976 0.00030012565793235 0.000474147692003784 0.000478238977113714 0.000236275456433285 0.000326948802750284 0.000558409390041332 0.000539844124193293 0.000231773103070276 0.0003427348785524 0.000543322375754292 0.000548425814552226 -1.7188114165329e-05 -1.74838953733178e-05 -1.73850324325645e-05 -1.4037320421829e-05 -1.4996029452431e-05 6.16026408053367e-06
"Immunityboost_428-488" 0.000380650089686076 0.000304945440716598 0.000553429903991899 0.00075236592110202 0.000211585826091037 0.000213259824141519 0.000209640774869151 0.0002065042830004 0.000220902661749246 0.000271338718545445 0.000542692975271924 0.00314895889020093 0.00079325637974095 0.000230169276948994 0.000225914626652684 0.000208896687399223 0.000203522745638663 0.000209943828338684 0.000217948354431568 0.000223841729464447 0.000259723743633028 0.000341566885267003 0.000235959471278895 0.000280457355731508 0.00026256127763711 0.000222945870699351 0.000231985760887139 0.000342463669399016 0.000602476080905115 0.000736491022799565 0.000808342831286508 0.000230218512246003 0.000251368845214729 0.000229859458504409 0.000212948494445528 0.00021848749180866 0.000264397047463723 0.000342602946549471 0.000364277835566733 0.000410504313040744 0.000252730955097116 0.000229798135155437 0.000215463076216648 0.000218454807949435 0.000277697326537823 0.000509162843374642 0.000535243621911716 0.000249563636586101 0.00029719403280327 0.000558110457643332 0.000757565124278528 0.000229313607592119 0.000314834340193183 0.00058648506243433 0.000730148172144053 -2.02829543505691e-05 -2.28021136629005e-05 -2.96250591703906e-05 -4.16869593011559e-05 -4.67713486316042e-05 9.64470633226058e-06
"Immunityboost_489-549" 0.000389576065776841 0.000298512932475041 0.000532368184658844 0.000822866894662108 0.000213064480091592 0.000215626855945474 0.000212518896683981 0.000207527559832843 0.000219028973653112 0.000266602053345372 0.000525575689562645 0.00079325637974095 0.0723381842885425 0.000230790092428049 0.000227716828328916 0.000210981638360197 0.00020526281947083 0.000211289843408989 0.00021913012298598 0.000224795593232122 0.000262260015904265 0.000335634497197398 0.000236026312438584 0.000277944141792901 0.000266564470121593 0.000226398762389181 0.000232829302778511 0.000337940259262199 0.000606570302481818 0.000804893517761702 0.000943666672600651 0.000235600261356035 0.000254365265217423 0.000235190156012738 0.000218588677414815 0.000222287855158665 0.000264355720866076 0.000348481136460199 0.000373204009665503 0.00041727867946181 0.000255200009884696 0.000234579817388814 0.000220913466529108 0.00022280488450573 0.00027752963736318 0.000520380405632553 0.000546550644691505 0.000261036715726619 0.000286378068555573 0.000531978529266922 0.000822834804648945 0.00022230275940011 0.000300161140382983 0.000577971292632892 0.000777363171742903 -1.81711193454145e-05 -1.98180960154629e-05 -2.30630918998885e-05 -1.47250424828102e-05 -9.99546113929036e-06 2.71094230473131e-05
"Immunityfull_001-061" 0.000259617131885732 0.000257149180195034 0.000235663009927488 0.0002308695460297 0.00028616453643039 0.000278471309125703 0.000282718333515165 0.000277529026590399 0.000274828389714045 0.000262237176061439 0.000237334422862046 0.000230169276948994 0.000230790092428049 0.250319201314507 0.000386733999788007 0.000393846064655832 0.000279999619336653 0.000278210510015081 0.000276174036025969 0.000275632642681876 0.00027108148975706 0.000255176098611282 0.000272386726397352 0.000267172736626379 0.000272513319677609 0.000276126107522279 0.000273349136816592 0.000255704216640831 0.000235943862628959 0.000231370902091427 0.000231565342335332 0.00027757310518077 0.000275951871294941 0.000279374811164145 0.000278371386140733 0.000275876746480403 0.000268723181795909 0.000263143674525175 0.000261215568382311 0.000252138242964566 0.000271779039425357 0.000276553884768044 0.000278024321977379 0.000275988930862872 0.000267334965836191 0.00024491222559028 0.000246004971961264 0.000274954129919697 0.000255796905380024 0.000233233758336907 0.000228589857009891 0.000271290529473315 0.000255194883432807 0.000232855753974004 0.000228539098194202 -5.63003071095572e-06 -7.38271885879393e-06 9.17795258098963e-06 6.21483174486773e-06 1.5854051426318e-05 -9.50807743114867e-07
"Immunityfull_062-122" 0.000256824321242446 0.000246951281265103 0.000232238334235677 0.000227286345205442 0.000303255591602187 0.000294247076766286 0.000315930410209266 0.000292930926182954 0.000263420464579271 0.00025033311352906 0.000233833588030879 0.000225914626652684 0.000227716828328916 0.000386733999788007 0.250570789510342 0.000596029206044556 0.000300566807494237 0.000277124681494422 0.000285831737829278 0.000280446656829466 0.000258440526285721 0.000248876455165512 0.000267252591649507 0.000268508362870796 0.000285891430449369 0.000280599403014035 0.000261744976181527 0.000247061612362116 0.000233516108890461 0.000228086656086928 0.000228809646308504 0.000278249709544123 0.000287583089495063 0.000303930701031257 0.000283645041427432 0.000272470206690353 0.000265420940887632 0.000263057191273344 0.000252817686929747 0.000247115408751742 0.000277398493156049 0.000296839699262122 0.000281196267673002 0.000274379033103592 0.000257359568855364 0.000242689334598787 0.000252621129254395 0.000286573047396559 0.000243665778883263 0.000228167932613497 0.000223517898912308 0.000258650392965255 0.000242085579118221 0.000227330375044742 0.000223259448960127 -9.54198420991263e-06 4.3581140990809e-07 1.16672389558742e-05 1.6136972203981e-05 2.5386833902321e-05 4.39698624635504e-07
"Immunityfull_123-183" 0.000248175750950791 0.000225839434643572 0.000213212850943407 0.000210371175866215 0.000311721823383861 0.000309090970129973 0.000362822707804604 0.000311364562779546 0.000257789939399979 0.00023227627109104 0.000214581118926417 0.000208896687399223 0.000210981638360197 0.000393846064655832 0.000596029206044556 0.0460973978645747 0.000323986852325499 0.000278773400737716 0.000298628273737929 0.000285673842624687 0.000247678806149793 0.000230252103955555 0.000263764100714912 0.000268908873660151 0.000302205736949221 0.000286986807740489 0.000252925228087837 0.000227698923508082 0.000214734388847977 0.000210934780210183 0.00021196690069414 0.000276167887743155 0.000293928187469051 0.000328720880250097 0.00029037487572901 0.000269651929389251 0.000259295603408014 0.000257092913838116 0.000239868352302143 0.000229523415608453 0.00028340862588734 0.000320664598411704 0.000286269374155624 0.000272091830130214 0.000243040897416507 0.00022360306578329 0.000247742294016379 0.000299512364919555 0.000222727368280521 0.000209397716613861 0.000206908907536667 0.000252078408078009 0.000223173282403885 0.000208769634722478 0.000206479317483733 -7.8283312469712e-06 -2.03042662007779e-06 6.79717660346655e-06 1.53950456185118e-05 2.13316392725333e-05 -7.08255536421111e-07
"Immunityfull_184-244" 0.000247572309347364 0.00022389740029403 0.000208196518002225 0.000205303772983248 0.000289289856160301 0.000299745053334503 0.000323548253148221 0.000315247490136186 0.000263151993958955 0.000231882248633848 0.000209568712568958 0.000203522745638663 0.00020526281947083 0.000279999619336653 0.000300566807494237 0.000323986852325499 0.00539602674360209 0.000282415278988219 0.000292536458518555 0.000291587016256527 0.000250244378398754 0.000228359659756279 0.00026636439505325 0.000263378305651975 0.000296052050065193 0.000292337834887314 0.000256625046820814 0.000225647689463361 0.000209459912427769 0.000205525637098265 0.000206208672125817 0.000273267473229199 0.000271810986998823 0.000314238681979763 0.000294160111350408 0.000273494270006477 0.000258806185797003 0.000258703313332701 0.000240023110020859 0.000227271342974276 0.000269806366837968 0.000313878292538945 0.000290091051101875 0.000275928051888655 0.000243158406564006 0.000217780965638368 0.000237602784635679 0.000301675051234757 0.000220660722527756 0.000204111235652762 0.000201613603387619 0.000257003143440533 0.000221256792048882 0.00020361495627296 0.000201155579863459 -7.86729215344081e-06 -2.24616618421344e-06 6.04463296436334e-06 1.5414606035509e-05 2.25755607184052e-05 -4.01864092810767e-06
"Immunityfull_245-305" 0.000254597290009384 0.000242100274039523 0.000216077854315666 0.000211652466547817 0.000282987052114153 0.000280698656961154 0.000279311493235005 0.000282375401139856 0.000281883569813259 0.000252468125993339 0.000218076486036051 0.000209943828338684 0.000211289843408989 0.000278210510015081 0.000277124681494422 0.000278773400737716 0.000282415278988219 0.0026122251321659 0.000276392399735914 0.000281679415219674 0.000273704151766827 0.000241507451064362 0.000274639340565528 0.000262843870611276 0.000271956609075797 0.000282416328721674 0.000277336505539495 0.00024262536422657 0.000217092119222189 0.000211914027309651 0.000212148944677088 0.000279920416384132 0.000268740641260482 0.00027731452362284 0.000285837068422526 0.000280897064311271 0.000266416653321741 0.000260586028636155 0.000257546208279568 0.000239206823329888 0.000267466856320007 0.000276951640730459 0.000285686936149029 0.000280252820397336 0.000264803827936996 0.000227681578264406 0.000231355209967466 0.000278952304065582 0.000239272052172901 0.000211921145819816 0.000207890592057587 0.000275032481294725 0.000240855749173759 0.000211465451472575 0.000207565440226688 -8.95648044803969e-06 -2.15388267827936e-06 5.47818831820521e-06 1.57331455407894e-05 2.11191624128288e-05 -5.06167778927516e-06
"Immunityfull_306-366" 0.000256618073247386 0.000264440266721606 0.000227682615901477 0.000219242302551104 0.00028017290428259 0.000287347317811952 0.000304321071197008 0.000287664443199537 0.000267505227185647 0.000265500924264628 0.000230645568216078 0.000217948354431568 0.00021913012298598 0.000276174036025969 0.000285831737829278 0.000298628273737929 0.000292536458518555 0.000276392399735914 0.00237466458669522 0.000278388065027823 0.00026596473085689 0.000258690313884746 0.000271044679490647 0.000270686565768286 0.000281148357821579 0.000278386761368113 0.00026884112045086 0.000257536030994204 0.00022814711767297 0.000220036297574687 0.000219999147097622 0.000274093541037334 0.000279391458632992 0.000291525200586467 0.000280802660301332 0.000276266592589164 0.000271155362248126 0.000262365925527326 0.000256505984618388 0.000252098036650217 0.000278937248473055 0.000290637158882576 0.000278933698367986 0.000277518822244755 0.000264943667917527 0.000242137709678647 0.00024460322941588 0.000281623892023064 0.000262034426306638 0.000223377411972055 0.00021529882044734 0.000264243525026733 0.000256240617077389 0.000223098244119115 0.000215202378591532 -7.00999017355823e-06 -1.6950472831821e-07 7.40343095834361e-06 1.86393740364829e-05 2.35611419476078e-05 -2.66061517413287e-06
"Immunityfull_367-427" 0.000257760291208729 0.000242237041584698 0.0002321140129944 0.000224878968408281 0.000281328570989648 0.000283199792473529 0.00028464249193719 0.000291570854024658 0.000271436059080888 0.000248874404908715 0.000233104411921192 0.000223841729464447 0.000224795593232122 0.000275632642681876 0.000280446656829466 0.000285673842624687 0.000291587016256527 0.000281679415219674 0.000278388065027823 0.00106124088773047 0.000263310016035535 0.000246581690423343 0.000270213248827024 0.000263964642259157 0.000279129428756903 0.000284266395885273 0.000267366197933992 0.000245295323485095 0.000232324084372739 0.000225931486665511 0.000225478529040345 0.000275825517140322 0.000267821522496165 0.000287239263097644 0.000286501518657589 0.000276070834550553 0.000265073791283548 0.000264965535418249 0.000255305039625937 0.000245859574346139 0.000266226738049085 0.000287194963905582 0.000284940137172338 0.000277029676379093 0.000259219564248625 0.000238619486758175 0.000245695618017067 0.000285769970415825 0.000238824237032088 0.000228071524585768 0.00022120079665615 0.00026545305918437 0.000239814241826669 0.000226427243645272 0.000221394824264475 -7.87107779503581e-06 -1.48542770665944e-06 6.24164543551232e-06 1.75211271469333e-05 2.14054698526686e-05 -8.73033563638002e-07
"Immunityfull_428-488" 0.00027151996259991 0.000284169399200323 0.000258382078951204 0.000260300486190517 0.000268679112092826 0.000261922549716928 0.000250060552101653 0.000250637917629495 0.000284160583836689 0.000286648588666741 0.00026115682480269 0.000259723743633028 0.000262260015904265 0.00027108148975706 0.000258440526285721 0.000247678806149793 0.000250244378398754 0.000273704151766827 0.00026596473085689 0.000263310016035535 0.00124696917771835 0.000274794097389931 0.000277972924235628 0.000271788207226931 0.000256575135893413 0.000264496791246736 0.000288239601801791 0.000279428142500266 0.00026130576159463 0.00026086182033851 0.000262812056019278 0.000277844953136891 0.000274294739552917 0.000251289086622251 0.000266099283251269 0.000279040904662775 0.000278088053124699 0.000268147880340244 0.000281311278806193 0.000272609625737588 0.000274979502163666 0.00025096890667643 0.000268410562127243 0.000277177414631873 0.000287075516740299 0.000267685439801041 0.000257255327676106 0.000256299765977422 0.000283986621688495 0.000256844037292487 0.000259053995911647 0.000282439245848643 0.000282426192018561 0.000257883995781144 0.000258047987947397 -1.32865993149446e-05 -1.08291020851778e-05 -6.65658665521253e-06 1.81891435471636e-06 3.33768731169561e-06 1.83344085018889e-06
"Immunityfull_489-549" 0.000301720180253296 0.000375837211770612 0.000374729043869078 0.000336677672530898 0.000241906313629865 0.000245971518569319 0.000232628753067216 0.000228784369759223 0.000248734900931912 0.000347513568212359 0.000374270419699129 0.000341566885267003 0.000335634497197398 0.000255176098611282 0.000248876455165512 0.000230252103955555 0.000228359659756279 0.000241507451064362 0.000258690313884746 0.000246581690423343 0.000274794097389931 0.00329944879105264 0.000267212685372498 0.000292115924230185 0.00025388881522554 0.000241418001534171 0.000267872993688103 0.000367319768721535 0.000363932336067617 0.000342044524014938 0.000334418278777859 0.000257600796830034 0.000285201629697614 0.000241933856665459 0.000239202261636497 0.000259493848132624 0.000297817622530142 0.000294564259654485 0.000302198290141869 0.000360606581893059 0.000286707952951752 0.000241751790544817 0.000240701399870465 0.000261057331470625 0.000308670870039 0.000369647129548219 0.000327416269084941 0.000239722880638574 0.000375542784150131 0.000374121038508964 0.000335964755130775 0.000257125485320673 0.000358052333350374 0.000369094539619053 0.000339281241459355 -1.1792201864829e-05 -9.4777400277728e-06 -6.56822169114475e-06 1.66624134041006e-06 4.22646969971496e-06 7.46614523095063e-06
"Immunityhybridboost_001-061" 0.000261715440854999 0.000275118661882299 0.000239616976446211 0.000233191108419579 0.000273468218088969 0.000270246452064204 0.000264731770107918 0.000268518832783036 0.000280477907182135 0.000280049168173909 0.00024310938474781 0.000235959471278895 0.000236026312438584 0.000272386726397352 0.000267252591649507 0.000263764100714912 0.00026636439505325 0.000274639340565528 0.000271044679490647 0.000270213248827024 0.000277972924235628 0.000267212685372498 0.00989324641925554 0.000270554792702722 0.000266208606447584 0.000272576312397897 0.000280777157278392 0.00026978725305165 0.000239677055875215 0.000235744386121751 0.000235580631014221 0.000276897607755196 0.000273114599085397 0.000265374331889041 0.000272319931506045 0.000276913436291329 0.000272730005932913 0.00026278012494541 0.000266506177721586 0.000260869222301707 0.00027348049460711 0.000265687979273761 0.000273367753338558 0.00027633192259162 0.000274383370335543 0.000249922231765424 0.000242288176961408 0.000266951281624739 0.000278760654116574 0.000241470747556564 0.000235020374460706 0.000280907894361041 0.000274965867381678 0.000241932650022965 0.000235185572164684 -1.63010588481249e-05 -1.69218847700559e-05 -1.79038013539013e-05 -1.54725945822235e-05 -1.2730421890863e-05 9.68892761024112e-06
"Immunityhybridboost_062-122" 0.000276561324708155 0.000292360517918975 0.00029259875711323 0.000277059823143788 0.0002650898572636 0.000268731857608286 0.000273825056433209 0.00026222687548763 0.000265650829026224 0.000287604339913714 0.000293127933204496 0.000280457355731508 0.000277944141792901 0.000267172736626379 0.000268508362870796 0.000268908873660151 0.000263378305651975 0.000262843870611276 0.000270686565768286 0.000263964642259157 0.000271788207226931 0.000292115924230185 0.000270554792702722 0.00538022445659651 0.000270238828144693 0.00026411916620826 0.000270890824439905 0.000291855395302117 0.000289621785532226 0.000280716709705223 0.00027695855867886 0.000268682979582131 0.000279076388996584 0.000269105150980928 0.000263558263548476 0.000268340262901329 0.000277667366070671 0.000274564918146423 0.000277053005135761 0.000289038805347312 0.000279690293389223 0.000268795687476805 0.000263905584541439 0.000268666002115482 0.000279580539588974 0.00028991256180111 0.000283035778228403 0.000263966673076069 0.000293229030751397 0.000293267531259635 0.000277748146153401 0.000267164296974587 0.000290154170878469 0.0002902045174003 0.000279587982305757 -1.42231945369742e-05 -1.29999004896157e-05 -1.20425163856778e-05 -7.22708075607254e-06 -3.73655826632026e-06 1.05738142244553e-05
"Immunityhybridboost_123-183" 0.000265852473513098 0.000245872509718247 0.000258283283366146 0.000262455804148655 0.000277774519779652 0.00028603396767768 0.000307899080702773 0.000293232485730331 0.00026173215782988 0.000249301953421248 0.000259016324913169 0.00026256127763711 0.000266564470121593 0.000272513319677609 0.000285891430449369 0.000302205736949221 0.000296052050065193 0.000271956609075797 0.000281148357821579 0.000279129428756903 0.000256575135893413 0.00025388881522554 0.000266208606447584 0.000270238828144693 0.0023811672899334 0.000280691481290667 0.000259244418035379 0.000252626879981969 0.000261961758923487 0.000264143779330468 0.000267223584557332 0.000270147087493739 0.000274712559007235 0.00029844933957239 0.000281159009372923 0.000268141756201209 0.000264553522895348 0.000269777978953228 0.000259532821743002 0.000258073259058866 0.000273775852563694 0.000298050318311721 0.000279058008345806 0.000269650539540403 0.000255681906507782 0.000259167611561475 0.000273507655205654 0.000288167719070746 0.000244191960261314 0.000257048711473862 0.000261553811458674 0.000258144824261561 0.00024580296152325 0.00025691421021047 0.000260409826657231 -1.49457031780981e-05 -1.26102803191359e-05 -9.25496795589499e-06 8.96196485952341e-07 7.38580163674102e-06 1.09879395097328e-05
"Immunityhybridboost_184-244" 0.000256253154353624 0.000238148275113214 0.000223616367534691 0.000222952481261828 0.000282817656684105 0.000283899528536474 0.000286660865769814 0.000293355412461043 0.000274654373604104 0.000247939125226389 0.000225975079733272 0.000222945870699351 0.000226398762389181 0.000276126107522279 0.000280599403014035 0.000286986807740489 0.000292337834887314 0.000282416328721674 0.000278386761368113 0.000284266395885273 0.000264496791246736 0.000241418001534171 0.000272576312397897 0.00026411916620826 0.000280691481290667 0.000887608254541838 0.000269633138064754 0.000241718768074034 0.000226550429447031 0.000224810773968124 0.000227176432130848 0.00027795363029115 0.000268609527385607 0.000288539990197713 0.00028776853254043 0.000276995758454066 0.000263872926350886 0.000263015142130981 0.00025443788889756 0.000241562928190456 0.00026719620249815 0.000288714106060818 0.000286554246232645 0.000277737690184581 0.000257521399689507 0.000232729072488086 0.000241249245214562 0.000287059066386585 0.000236825375313541 0.000221452017990852 0.000221156732912011 0.000269011530393529 0.000237926708174453 0.000221342107511614 0.000220317843727533 -1.54178287692607e-05 -1.18177427781005e-05 -7.16053710056245e-06 5.08080091155504e-06 1.14248354540624e-05 7.84507185175185e-06
"Immunityhybridboost_245-305" 0.000263488272571328 0.000278319626791513 0.000237414256442514 0.000230139962648506 0.000273041861663755 0.000266195287685124 0.000254972829367392 0.00025820705484372 0.000287472747447341 0.000284669588885427 0.00024127705345114 0.000231985760887139 0.000232829302778511 0.000273349136816592 0.000261744976181527 0.000252925228087837 0.000256625046820814 0.000277336505539495 0.00026884112045086 0.000267366197933992 0.000288239601801791 0.000267872993688103 0.000280777157278392 0.000270890824439905 0.000259244418035379 0.000269633138064754 0.000811555464109345 0.00027261609120525 0.000238092536919538 0.000232703298498217 0.000232816933156578 0.000280741207688514 0.000274692970368997 0.000256043993643663 0.000270918128728068 0.000281640490654096 0.000276761313522605 0.000262870442757087 0.000273048536174547 0.000261865011154263 0.000275265707475079 0.000256023620257942 0.000273037347540987 0.000279983026930818 0.00028346590072819 0.000249862858893152 0.000238782224578322 0.000260230705990905 0.000280334203350234 0.000237333173434267 0.000230211394022555 0.00028583702473002 0.000277976730990253 0.000237284186739873 0.000230240859816313 -1.70592863498125e-05 -1.51818318604958e-05 -1.35710629569315e-05 -6.49736120316234e-06 -7.61793153937593e-07 7.96904140692432e-06
"Immunityhybridboost_306-366" 0.000301479496147336 0.000370358917324841 0.000369139887538032 0.000337027174324779 0.000242787092934383 0.000244794871190871 0.000230539023971276 0.000226700446620385 0.000253931535275466 0.000345388607777921 0.000369421571706285 0.000342463669399016 0.000337940259262199 0.000255704216640831 0.000247061612362116 0.000227698923508082 0.000225647689463361 0.00024262536422657 0.000257536030994204 0.000245295323485095 0.000279428142500266 0.000367319768721535 0.00026978725305165 0.000291855395302117 0.000252626879981969 0.000241718768074034 0.00027261609120525 0.00163647502837967 0.000360697608112251 0.000342670721945697 0.000336644130373681 0.000260337057270873 0.000285358090414719 0.000239419260303847 0.000239118822211178 0.000261438648228046 0.000297281633544048 0.000292729772272747 0.000304017446979488 0.000355137015500362 0.000287207405924009 0.00023932686401694 0.000241229202852327 0.000262409083178213 0.000309578475487132 0.000363935451193985 0.000324539485710649 0.000238373229405494 0.000371472171390835 0.000369859357148435 0.000337639892949734 0.000262237127679152 0.000355990894865716 0.000365566394207889 0.000340294889749438 -1.71864637932407e-05 -1.60406388883764e-05 -1.4677575738331e-05 -7.94620574468286e-06 -1.17952260056541e-06 1.32385395786861e-05
"Immunityhybridboost_367-427" 0.000368274285745587 0.000322725910531959 0.000563279568957071 0.000606497718393029 0.000217528710011943 0.00022215700834829 0.000216336106379568 0.000210017362804528 0.000221939079652292 0.000286454868522148 0.000549850160614609 0.000602476080905115 0.000606570302481818 0.000235943862628959 0.000233516108890461 0.000214734388847977 0.000209459912427769 0.000217092119222189 0.00022814711767297 0.000232324084372739 0.00026130576159463 0.000363932336067617 0.000239677055875215 0.000289621785532226 0.000261961758923487 0.000226550429447031 0.000238092536919538 0.000360697608112251 0.00222884301518406 0.000604125553654893 0.00060545345739903 0.000236678030615761 0.00026365185946775 0.00023676172624367 0.000221026021960828 0.000228728417920086 0.000280141892273638 0.000340582110685253 0.000353783201089791 0.000410739876771996 0.000264283463370733 0.000236122382041297 0.000222796645005904 0.000229572353000789 0.000295524103574442 0.000491677178670396 0.000505791504435213 0.000242346653563376 0.000310138140551892 0.000561917599080279 0.000606060200503011 0.000225160845827258 0.000326963720197429 0.000558415396330932 0.000604835622221283 -1.70859216893531e-05 -1.48330164006711e-05 -1.19768296626078e-05 -1.94587720730142e-06 4.43116286360807e-06 1.07605833317785e-05
