"Immunity_other" "Immunityboost_001-061" "Immunityboost_062-122" "Immunityboost_123-183" "Immunityboost_184-244" "Immunityboost_245-305" "Immunityboost_306-366" "Immunityboost_367-427" "Immunityboost_428-488" "Immunityfull_123-183" "Immunityfull_184-244" "Immunityfull_245-305" "Immunityfull_306-366" "Immunityfull_367-427" "Immunityfull_428-488" "Immunityfull_489-549" "Immunityhybridboost_001-061" "Immunityhybridboost_062-122" "Immunityhybridboost_123-183" "Immunityhybridboost_184-244" "Immunityhybridboost_245-305" "Immunityhybridboost_306-366" "Immunityhybridboost_367-427" "Immunityhybridboost_428-488" "Immunityhybridfull_123-183" "Immunityhybridfull_184-244" "Immunityhybridfull_245-305" "Immunityhybridfull_306-366" "Immunityhybridfull_367-427" "Immunityhybridfull_428-488" "Immunityhybridfull_489-549" "Immunityinf_123-183" "Immunityinf_184-244" "Immunityinf_245-305" "Immunityinf_306-366" "Immunityinf_367-427" "Immunityinf_428-488" "Immunityinf_489-549" "Immunitysecboost_001-061" "Immunitysecboost_062-122" "Immunitysecboost_123-183" "AgeGr0-11" "AgeGr12-15" "AgeGr16-17" "AgeGr18-24" "AgeGr25-29" "AgeGr30-34" "AgeGr35-39" "AgeGr45-49" "AgeGr50-54" "AgeGr55-59" "AgeGr60-64" "AgeGr65-69" "AgeGr70-74" "AgeGr75-79" "AgeGr80+" "SexM"
"Immunity_other" 0.0351445715684832 0.00409041705637426 0.00433355785954931 0.0030363491052837 0.00243991293680038 0.0030167387412542 0.00430561698520292 0.00623605803901945 0.00728487451114357 0.00444678079087403 0.00390585378273522 0.00407041155314352 0.00466827556672226 0.00366945239035661 0.00390870373568792 0.00492592106674519 0.00441430770262463 0.00546771666922361 0.00393732995044398 0.00320821497635892 0.00381506871369516 0.00504699983080953 0.00642271454083569 0.00734644678773104 0.00382812133389989 0.00359174569212916 0.00407307749704045 0.00484356983326958 0.00502355665561983 0.00464146246965194 0.00537968852582848 0.00448312145601625 0.00503274064875191 0.0060899230532596 0.00730480143330261 0.00849399592271701 0.00691653454032297 0.00449817668581221 0.00433983435823439 0.00561000678540282 0.00658335473817248 -0.00356738861080609 -0.00115889852445818 -0.000495407447365053 -7.97428512842389e-05 -0.000222592321245011 -0.000217350040204735 0.000118210859173485 0.000138899338393469 0.000352361464009442 0.000359016062477176 0.000450878931270872 0.000685061020007707 0.000839852291734739 0.00080678682398912 0.000964208155029264 0.000138047883508678
"Immunityboost_001-061" 0.00409041705637426 1.00433271129622 0.00434864697184623 0.00356623469367148 0.00322411527652354 0.00372876634207327 0.00457170698765728 0.0051563447407598 0.00497369542359301 0.00251556831044479 0.00300306657264572 0.00391720881047825 0.00440665599029096 0.00396660248558689 0.00429821064866398 0.00471911893781624 0.00455334398563918 0.00490225265534386 0.00402311762672639 0.00381152212530318 0.00421880025849715 0.0048515437588787 0.00518304042060339 0.00501477300955261 0.0036004845267844 0.00371063465592036 0.00419074358409485 0.00464811224370451 0.00465938184691088 0.00459630609305866 0.0048751516891477 0.00311815449447445 0.00291779843003262 0.00330321116059912 0.00375884328548765 0.00416825170172169 0.00343639543451609 0.00272222243415324 0.004516404654621 0.00498772608022584 0.00513021635417517 0.00215207609372142 -0.000677878869165755 -0.00104508413963695 -0.000481051841800312 -0.000162008815295146 -0.000267850969832954 0.000153811324447809 -4.12002523350733e-06 0.000224159737559661 7.46517683286498e-05 -5.00452291932977e-05 -0.000221612895366906 6.59396323201833e-05 -1.0255974509002e-06 0.000440878922126048 1.40497414194569e-05
"Immunityboost_062-122" 0.00433355785954931 0.00434864697184623 1.00464805975061 0.00396468123479465 0.00353922776459397 0.00365000171118663 0.00441186813257576 0.00586697801390442 0.00639837941891402 0.00286816038069058 0.0031945471624272 0.00391330119476101 0.00475765595852213 0.00430985491927734 0.00428899575106108 0.00496974152808194 0.0045355804616283 0.00532197657871181 0.00438265544664224 0.00385961903267217 0.00419975297860488 0.0050333470934238 0.00603271424184776 0.00648814069689183 0.00403881036382023 0.00393415503241896 0.00436743613304911 0.00495641732958135 0.0051788504339712 0.00484719924892807 0.00535677354906323 0.00352395816932683 0.00301735916163253 0.00337311885438748 0.00403499104236695 0.00495165717984713 0.00430739718923788 0.00292105580621267 0.00445582128563616 0.00537041165769722 0.00608341064167914 0.00301789033717213 -0.00166626656921366 -0.00269861334516948 -0.00130956640967191 -0.000417157429322042 -0.000334863843393797 0.000137403399279366 0.000153301162368784 0.000521784161750525 0.000592378785149529 0.00065496434360924 0.000508831292222072 0.000910822590621573 0.000866953331226208 0.00141273059269447 9.50235328102483e-06
"Immunityboost_123-183" 0.0030363491052837 0.00356623469367148 0.00396468123479465 0.255783770588334 0.00541158409981981 0.00377389083362468 0.00317563140133996 0.00321052822494514 0.00324977469122403 0.00462437652666734 0.00408174671454456 0.00364494767406651 0.00416943130189682 0.00447411422932258 0.00378622068862153 0.00349237697932639 0.00325865697400233 0.00334952597949314 0.00417186433413277 0.00417007205724888 0.00368574903982331 0.00343524975834564 0.00338272207034562 0.0034334728782973 0.00474137780184301 0.0044283357868024 0.00408950905172896 0.00394754067528387 0.00405094086052337 0.00393174219100028 0.00375209546617282 0.0043721261723949 0.00332500625982672 0.00282899139896485 0.0025473620218009 0.0025813929036849 0.00375020498054898 0.00382104421695161 0.00314486343197625 0.00311316506448373 0.00319544932925754 0.00403078453856967 -0.00108474317906801 -0.00300019184139281 -0.000909068665753021 7.37137856409271e-05 9.05490060143824e-05 0.000341486377962091 9.40599866943293e-06 0.000471831540576581 0.000712826919466751 0.000984744765832223 0.00100093200450127 0.00159915643731584 0.00183708984645669 0.00259547146345319 5.92184837796505e-05
"Immunityboost_184-244" 0.00243991293680038 0.00322411527652354 0.00353922776459397 0.00541158409981981 0.0217146128052442 0.00399685169251197 0.0027347684489044 0.00234190988212076 0.00213296791335962 0.00462386035850372 0.00423497815456819 0.00333815159295806 0.00354487526715423 0.00428754563516512 0.00344261242243713 0.00291383974233652 0.00286018617406927 0.00263974772177719 0.00405082128969323 0.00424623369533403 0.00349319214730039 0.00277560737810549 0.00246351939659069 0.00228155314861538 0.00458131734085796 0.00420766242304552 0.00366541188716995 0.00322253767997118 0.00337742322198184 0.00327395087271766 0.00294758065411624 0.00426820415860106 0.00320441115552042 0.00235353699815666 0.00164437720131319 0.001413943099249 0.00300971642616799 0.00398550082410013 0.00278059737020274 0.00236715915430336 0.00226152250578242 0.00306550730261931 0.000696823655550599 -0.000198220138827874 0.000356668197275858 0.000843909469877962 0.000594455731438145 0.000571899270037757 -0.000261877331553289 -0.00015012167254362 -0.000145630874118776 -0.000141942658313687 -0.00039276870628324 0.000217924504767496 0.000605178662493101 0.00145123746761458 4.7229161020928e-06
"Immunityboost_245-305" 0.0030167387412542 0.00372876634207327 0.00365000171118663 0.00377389083362468 0.00399685169251197 0.00846816727254848 0.00369435040559273 0.00305519300699318 0.00287175931728214 0.00288750871168892 0.00347175329745481 0.00378373223111603 0.0035091758990039 0.00394326441987131 0.00395969806591557 0.00351361010624632 0.00364774626808992 0.00330124808254481 0.00373326581818858 0.00407780818720447 0.00398459466285215 0.00352867849548709 0.0030948239071008 0.00293692103730458 0.00361823911451081 0.0039050093959853 0.00384048646672504 0.00363603422262832 0.00360476906611089 0.00374334966929128 0.00341806879903459 0.00317652492413314 0.00311500298965292 0.00274604160456923 0.00237809872690233 0.00197246084491259 0.00241631390985958 0.00319802186977175 0.00362887596609211 0.00321113520380153 0.00298318130626721 0.00210541877027127 0.00052644473405599 5.61781435407316e-05 0.000382482501410973 0.000713273747516904 0.000482498614516803 0.000485560982853434 -0.000233223717935176 -0.00018907236439252 -0.000301079069721072 -0.000516310534507039 -0.000856714476382283 -0.000536196826314738 -0.000374869913739014 0.000333430097384568 -4.9627189814117e-05
"Immunityboost_306-366" 0.00430561698520292 0.00457170698765728 0.00441186813257576 0.00317563140133996 0.0027347684489044 0.00369435040559273 0.0106279903072631 0.00557492456050875 0.00529124082268265 0.00198425069248912 0.00260522175977592 0.00392454224036566 0.00442407321547971 0.00369527779766249 0.00445458009136275 0.00503007450018548 0.00498100717372603 0.00532252940870189 0.00395029799801531 0.00372306452849667 0.004386196171888 0.005296437618018 0.00552810608939835 0.00528283675808605 0.00319988682739111 0.00336949122825427 0.00413345888585783 0.00479406651935744 0.00468729354858863 0.00472465662450695 0.0050894570021857 0.00271036047347399 0.00263120120806253 0.0033256256897206 0.00396823235745665 0.00432739239400537 0.00319165593740701 0.0022983505562852 0.00497543709904202 0.00552575506670571 0.00549437072283807 0.00150213486046658 0.000465460711213711 0.000196564251250845 0.000404913288829304 0.000639162359697555 0.000412672600520683 0.000448558880234537 -0.000160577746626653 -0.000135602177353743 -0.000281443952570784 -0.000533076863592301 -0.000817374597050094 -0.000796587137569026 -0.000926976861044999 -0.00041708298412112 -7.82322038456437e-05
"Immunityboost_367-427" 0.00623605803901945 0.0051563447407598 0.00586697801390442 0.00321052822494514 0.00234190988212076 0.00305519300699318 0.00557492456050875 0.02742793066325 0.0137002244459592 0.00174777670010908 0.0020717073154617 0.00337183506075059 0.00563305795445404 0.00404431496347212 0.0042926702220994 0.00725556809715903 0.00612077342977708 0.00892686909540014 0.00555349329446347 0.0032626931593018 0.00440312129184876 0.00734065061365004 0.0116395025355208 0.0136111726232203 0.0037498278637406 0.00267950169041898 0.00404562263422806 0.00611382046585371 0.00710641904461312 0.00570850654270161 0.00800723577800531 0.00329578454255683 0.00198952716771419 0.00332820520336681 0.00579664636021615 0.00930008940523131 0.00673646559773858 0.0017794742283655 0.00607102266141341 0.00942074328473977 0.0124112315788764 0.000764626499155558 0.000369216085739223 0.000297450324645824 0.000402936176070776 0.000502800358812747 0.000315033521105327 0.000369657068539467 -0.000103521128101208 -0.000126759290160799 -0.000390374960883083 -0.000838257443050586 -0.00116535633900377 -0.00142445512041425 -0.00173704881439007 -0.00132005491715363 -6.08807354290095e-05
"Immunityboost_428-488" 0.00728487451114357 0.00497369542359301 0.00639837941891402 0.00324977469122403 0.00213296791335962 0.00287175931728214 0.00529124082268265 0.0137002244459592 0.231567980899964 0.00171093565425851 0.00193460283629386 0.00306864138124289 0.00553089372290731 0.00442145657137343 0.00400776389728963 0.00756169359004889 0.00591604501252941 0.0106453610246594 0.00663951137605931 0.00309110897359771 0.00423923289693774 0.00774539478863946 0.0150541620753744 0.0319176755830259 0.00406858068015363 0.00245812946305885 0.00376001191538252 0.00644168533334545 0.00805239438900783 0.00608389518909251 0.00903455740709058 0.00367585645130899 0.00183948762810316 0.00310652279017681 0.00646799267902321 0.0110961918695485 0.0116822559993678 0.00169538647552647 0.00585783579853489 0.0112635851195984 0.0176765182077205 0.000562176881497865 0.000474998280499042 0.000458901936156314 0.000490861481901631 0.000505303288589242 0.000325091559355931 0.000363576908939532 -5.84927752022035e-05 -8.92330668645116e-05 -0.000299490531928521 -0.000521719893603265 -0.000629710543805191 -0.00115228750731574 -0.00179347709165636 -0.0018237442481394 -0.000180504597217074
"Immunityfull_123-183" 0.00444678079087403 0.00251556831044479 0.00286816038069058 0.00462437652666734 0.00462386035850372 0.00288750871168892 0.00198425069248912 0.00174777670010908 0.00171093565425851 0.208359228671944 0.00610817728914033 0.003806116997719 0.0035516640901283 0.00354363648076963 0.00267960670147778 0.00223680975910001 0.00207935798531515 0.00201106346536177 0.00312469583738907 0.00322025662938186 0.00258552798876743 0.00209426617324958 0.00186449343938214 0.0018504861544906 0.00472675138336963 0.00420884409850638 0.00338287678338907 0.00287688687388742 0.00283305949381535 0.00273104626243371 0.00240643774427464 0.00646830937681303 0.00721079272837479 0.00728836242549582 0.00714025411999294 0.00698235919224666 0.00752399961240136 0.00732428260715838 0.00198434182274343 0.00174174374393295 0.00168627438008516 -0.00752108581038145 -0.00591274375623183 -0.0028885832416278 -0.00146150276071287 -0.00126737483037275 -0.00120585166922524 -0.000367947885142645 0.000140076995519881 0.000412645109973039 0.000630125577002423 0.000680494449413594 0.00087007697903065 0.00134253440567611 0.00152305724977084 0.00192778911742229 0.000205386184900711
"Immunityfull_184-244" 0.00390585378273522 0.00300306657264572 0.0031945471624272 0.00408174671454456 0.00423497815456819 0.00347175329745481 0.00260522175977592 0.0020717073154617 0.00193460283629386 0.00610817728914033 0.0885152422022892 0.00398782978350272 0.00361067034636836 0.00386492828649207 0.00328682150625344 0.00271087248143937 0.00264358904718634 0.00239101754049383 0.00331089907601644 0.00361754606044739 0.00320179264232186 0.00260622077665037 0.00218117214818209 0.00207624411567241 0.00434911949817942 0.00434176474263897 0.00376688896632661 0.00328431188246321 0.00322797509105028 0.00326099272933675 0.00282848142666409 0.00517194222558063 0.00582993537792998 0.00568929013700918 0.00539053556921475 0.00504829971050567 0.00548995538798528 0.00582137645486374 0.00256396786369677 0.00214710314857183 0.00198870730189376 -0.00316086414128626 -0.00494123715957496 -0.00308161701898391 -0.00145076506218387 -0.000950777719227802 -0.000747807979810798 -0.00012902105554243 0.000205241107747735 0.000481018263231949 0.000679031186210177 0.000699293237606721 0.000846579214897022 0.00133628651144447 0.00152051457734361 0.0020102982537982 0.0001135682625422
"Immunityfull_245-305" 0.00407041155314352 0.00391720881047825 0.00391330119476101 0.00364494767406651 0.00333815159295806 0.00378373223111603 0.00392454224036566 0.00337183506075059 0.00306864138124289 0.003806116997719 0.00398782978350272 0.071081431104499 0.00425981748756017 0.00416367359428094 0.00425988095825703 0.00386611859110569 0.00380496637802112 0.00363322994440893 0.00355571610207951 0.0038989868023789 0.00405854676749542 0.00397188852515442 0.00346607578854463 0.00322337316430226 0.00392903818546129 0.00443051178024565 0.00446336821898807 0.00440358459306514 0.00420160257066325 0.00441918295904461 0.0040680213005439 0.00387112729207419 0.00448455345584663 0.00468058418598357 0.00472399346528973 0.0043946872141641 0.00409548805164729 0.00408801639282842 0.00371852271153961 0.00351241497946241 0.0032276848171179 0.000945317061677907 -0.00444120649716839 -0.00325955435041915 -0.00183631433044054 -0.00102700950111808 -0.000828726663822324 -0.0001475977427298 0.000253546335550629 0.000608181946146506 0.000828352903510201 0.00099410229719707 0.00110722659192276 0.00162947210935987 0.00177143048318613 0.00232083849132667 1.06945040712384e-05
"Immunityfull_306-366" 0.00466827556672226 0.00440665599029096 0.00475765595852213 0.00416943130189682 0.00354487526715423 0.0035091758990039 0.00442407321547971 0.00563305795445404 0.00553089372290731 0.0035516640901283 0.00361067034636836 0.00425981748756017 0.0961145136846763 0.00454177705817572 0.0044543327341277 0.00502603621209887 0.00451723560567142 0.0052410254213087 0.00428443490091359 0.00388192495661082 0.00424082391410789 0.00512503514735025 0.00579427841702251 0.00570051813244415 0.00435456067536291 0.00436038843522205 0.00477106896423323 0.00531704365729648 0.00541110010466346 0.00516530349855299 0.00554824541394986 0.00399250994635424 0.00374309495433428 0.00429570092847304 0.0049948488841546 0.0058151522614463 0.00492332351705853 0.00350218325400249 0.00438620347713616 0.00521873957527941 0.0056435611035767 0.00278109544116874 -0.00546781188112733 -0.00486088045060087 -0.00296573963876454 -0.00157611361122836 -0.00111564181412831 -0.000269374882026609 0.000371639792223646 0.000777838983405544 0.00102552599970222 0.00126010308521498 0.00143565328355184 0.00196644873020184 0.00206975408218132 0.00268626827722733 -1.30358614046412e-05
"Immunityfull_367-427" 0.00366945239035661 0.00396660248558689 0.00430985491927734 0.00447411422932258 0.00428754563516512 0.00394326441987131 0.00369527779766249 0.00404431496347212 0.00442145657137343 0.00354363648076963 0.00386492828649207 0.00416367359428094 0.00454177705817572 0.0547319157251123 0.00428393413343218 0.00412228047066027 0.00377093664940598 0.00401551818208411 0.00418422109113199 0.00420868885927243 0.00412671603002303 0.0041042062929204 0.00429151480976671 0.00463727697102661 0.00450254329835684 0.00469217698387809 0.00462867183778132 0.00464194337384246 0.00475911677347743 0.0046474108354025 0.00453732983663507 0.00392933394484098 0.00360456698146888 0.00340754693223584 0.00342556812678087 0.00363315716203252 0.00391512675740025 0.00362698686649956 0.00363870895934551 0.00381857041637502 0.00414465071163427 0.00465728616848093 -0.00234963299671408 -0.0041128917425189 -0.002245144688017 -0.000714914722110806 -0.000532268626053597 4.87364945792893e-05 0.000516267592095104 0.000964661639450293 0.00126363925266545 0.00156419861660646 0.0018159711752237 0.00244526431734894 0.00271226150701659 0.00342391581869071 4.31819896971751e-05
"Immunityfull_428-488" 0.00390870373568792 0.00429821064866398 0.00428899575106108 0.00378622068862153 0.00344261242243713 0.00395969806591557 0.00445458009136275 0.0042926702220994 0.00400776389728963 0.00267960670147778 0.00328682150625344 0.00425988095825703 0.0044543327341277 0.00428393413343218 0.0295736960405736 0.00447659493916783 0.00433755927639009 0.00436775276044713 0.00392039652417323 0.00410256927515689 0.00441311272324415 0.00463900933947273 0.00440177054091739 0.00416432998573001 0.00383953673964899 0.0042596448122515 0.0045748513320985 0.00478572601623854 0.00466552590497399 0.00481894258178035 0.00470209545043527 0.00325500725127029 0.00329798717658498 0.00350936636104094 0.00369330160104616 0.00362501239712635 0.00323536610430766 0.00303606414889943 0.00424635423730929 0.0043135712198663 0.00415851901031617 0.00362672029216961 0.000155136831341531 -0.0011587268751643 -0.00021271821290731 0.000582286312915386 0.000375545293901143 0.000542945601353693 0.000175573416034147 0.000396096093899469 0.000520968757803664 0.000704150703985285 0.000846613672333077 0.00131554428933877 0.00157159154145622 0.00224059584295818 0.000129271854725958
"Immunityfull_489-549" 0.00492592106674519 0.00471911893781624 0.00496974152808194 0.00349237697932639 0.00291383974233652 0.00351361010624632 0.00503007450018548 0.00725556809715903 0.00756169359004889 0.00223680975910001 0.00271087248143937 0.00386611859110569 0.00502603621209887 0.00412228047066027 0.00447659493916783 0.0427986680377872 0.0051792212222402 0.00632730801126972 0.00454957548623473 0.00371219436460484 0.00442095029947953 0.00588799891160096 0.0073892061458587 0.00761971477734537 0.0037796157427949 0.00356317749420121 0.00439018198657892 0.00540037671253632 0.00570614044485127 0.00524742948602708 0.00619432532089223 0.00323516996272236 0.00270283579744072 0.00348316538208519 0.00462943454551634 0.0060758282847518 0.0045442808784939 0.00245402033464471 0.00510649157538325 0.00651722754806551 0.00745699244015998 0.00262901803603733 0.00136206385935502 0.000425331878727237 0.000607661788851416 0.000929085557636756 0.000577379272491521 0.000611375574163713 7.89137128842088e-05 0.0002074366641865 0.000216565611064348 0.000287193969477993 0.000300913689699261 0.000431585926032781 0.000474985445817081 0.000945232308158385 0.00021133755513918
"Immunityhybridboost_001-061" 0.00441430770262463 0.00455334398563918 0.0045355804616283 0.00325865697400233 0.00286018617406927 0.00364774626808992 0.00498100717372603 0.00612077342977708 0.00591604501252941 0.00207935798531515 0.00264358904718634 0.00380496637802112 0.00451723560567142 0.00377093664940598 0.00433755927639009 0.0051792212222402 0.338342755924124 0.00561677800890874 0.00416940562335796 0.00369603954604945 0.00432724995809286 0.00538305652059901 0.00611305593908631 0.00589963128987637 0.00333506676712905 0.00331893879659586 0.00407652691459786 0.00483197393399925 0.00491010966994471 0.00472970671368016 0.00532090406199048 0.00286937655387584 0.00259372525975207 0.00325453677880957 0.00402972978405798 0.00480722347089076 0.00356187356451813 0.00235082312161139 0.00499394861634629 0.00582606589370854 0.0061607781411952 0.00142528354233565 0.000322711500488403 -5.3414110950872e-06 0.000317405393659847 0.000526153393442297 0.000348584675425606 0.000430282038513023 -9.07554520684437e-05 -7.45230749881086e-05 -0.000292777299837596 -0.000728664036535507 -0.000993769195756132 -0.000865418774130367 -0.000983114544945774 -0.000539704269616282 -0.000284505446219637
"Immunityhybridboost_062-122" 0.00546771666922361 0.00490225265534386 0.00532197657871181 0.00334952597949314 0.00263974772177719 0.00330124808254481 0.00532252940870189 0.00892686909540014 0.0106453610246594 0.00201106346536177 0.00239101754049383 0.00363322994440893 0.0052410254213087 0.00401551818208411 0.00436775276044713 0.00632730801126972 0.00561677800890874 1.00746895939448 0.00496083294996288 0.00349979855080217 0.00440208850618656 0.00650436386829667 0.0091557240616784 0.0106273711280839 0.00366032087615731 0.00308164207425736 0.00417292429299281 0.00565304234389463 0.00620161359129908 0.00538240407641965 0.00687526660432784 0.003191689719474 0.00233555822560007 0.00340124680917166 0.00511318075446811 0.00734509330013757 0.00553232899962906 0.00211451976794087 0.00556510127517693 0.0078164964372218 0.00962006903071835 0.00145089842848594 0.000289555714875299 -0.000238519707686558 0.000248939376900332 0.000483254427351914 0.000362462633704469 0.000456322160648962 -6.92004043057636e-06 4.26651985173607e-05 -0.000128307463309365 -0.000529027566900605 -0.000755882415593468 -0.000669289322609126 -0.000923592304583764 -0.000520155109103797 -0.000291441642937096
"Immunityhybridboost_123-183" 0.00393732995044398 0.00402311762672639 0.00438265544664224 0.00417186433413277 0.00405082128969323 0.00373326581818858 0.00395029799801531 0.00555349329446347 0.00663951137605931 0.00312469583738907 0.00331089907601644 0.00355571610207951 0.00428443490091359 0.00418422109113199 0.00392039652417323 0.00454957548623473 0.00416940562335796 0.00496083294996288 43852.9365836429 0.00389042783868776 0.00397418565144211 0.00454748080902667 0.00577002891161847 0.00671214690094837 0.00407153629411023 0.00372515804296425 0.00394371893938146 0.00440403027764771 0.00479136363559356 0.00433493094321498 0.00486530098853031 0.00365205434388234 0.00286667309322526 0.00288212871899539 0.00335652989220854 0.004326588547262 0.00424598243120506 0.00306138796517101 0.00410670859736552 0.00498118499579513 0.00597144266991318 0.00245294787438829 0.000716758513894995 -7.87882498691026e-05 0.000490087578470649 0.000713513012960624 0.000496458559257684 0.000530256083370682 -0.000138793658540358 -7.94124425250808e-05 -0.000107561736854729 -0.000144815059102818 -0.000202469062933693 8.88728376109235e-05 5.63387881885249e-05 0.000646963468170293 -0.000197992718120077
"Immunityhybridboost_184-244" 0.00320821497635892 0.00381152212530318 0.00385961903267217 0.00417007205724888 0.00424623369533403 0.00407780818720447 0.00372306452849667 0.0032626931593018 0.00309110897359771 0.00322025662938186 0.00361754606044739 0.0038989868023789 0.00388192495661082 0.00420868885927243 0.00410256927515689 0.00371219436460484 0.00369603954604945 0.00349979855080217 0.00389042783868776 0.115297974963116 0.00407338782394464 0.00376475769831412 0.0033785940211865 0.00323965693159253 0.00398306237506196 0.00421080443067603 0.00415106138204041 0.00401449225816117 0.00399527065881061 0.00410930252070809 0.00382430450209413 0.00349954316179146 0.00327654229692007 0.00298108233577356 0.00270904111645864 0.00243687850477649 0.00287932552281792 0.00338924969059431 0.00362085506447756 0.00335370717648817 0.00317808459690371 0.00327547369128139 0.001358265881765 0.000525501051656943 0.000868875873930801 0.00116060257225788 0.000838011809605051 0.000763110764138101 -0.000247841237108322 -0.000109374932258519 -4.34175454524765e-05 8.70182497053367e-05 0.000307948477748149 0.000805886939045387 0.00099161807406056 0.00170743408784377 -0.00012194401489957
"Immunityhybridboost_245-305" 0.00381506871369516 0.00421880025849715 0.00419975297860488 0.00368574903982331 0.00349319214730039 0.00398459466285215 0.004386196171888 0.00440312129184876 0.00423923289693774 0.00258552798876743 0.00320179264232186 0.00405854676749542 0.00424082391410789 0.00412671603002303 0.00441311272324415 0.00442095029947953 0.00432724995809286 0.00440208850618656 0.00397418565144211 0.00407338782394464 0.0812784218218309 0.00457812028593188 0.00450787900623738 0.00436413055649361 0.00371681860219304 0.00401464266945812 0.00433371801071892 0.0045629906195385 0.00452574720517713 0.00461015420704166 0.00459445268231604 0.00317966729543412 0.00312211009507418 0.0032756623002153 0.00344941804621982 0.00349014875684457 0.00314267273795864 0.00296776558102261 0.00425317898467285 0.0043781285061679 0.0043403966266886 0.00289899660422981 0.00141394555147331 0.000848732886164764 0.000974976732682705 0.00120596208852486 0.000880366929470818 0.000789436545181968 -0.000285937701316687 -0.000189638893206323 -0.000224448451001037 -0.000204639075236307 7.66484577913148e-05 0.000485824297272666 0.00066475457423798 0.00132034695704469 -9.13441640683677e-05
"Immunityhybridboost_306-366" 0.00504699983080953 0.0048515437588787 0.0050333470934238 0.00343524975834564 0.00277560737810549 0.00352867849548709 0.005296437618018 0.00734065061365004 0.00774539478863946 0.00209426617324958 0.00260622077665037 0.00397188852515442 0.00512503514735025 0.0041042062929204 0.00463900933947273 0.00588799891160096 0.00538305652059901 0.00650436386829667 0.00454748080902667 0.00376475769831412 0.00457812028593188 0.25613620133639 0.00748955662313593 0.00782179292986884 0.00368432580152031 0.00354496167147768 0.00449090621676469 0.00558131348868304 0.00579987861121006 0.00543184287911412 0.00633853936807841 0.00313031900472832 0.00267792553686025 0.00360472367289362 0.00482295326300725 0.00616107527349813 0.00454376919183669 0.00236260487265523 0.00529932142775666 0.00671519325191083 0.0075552193951447 0.00242458984663026 0.00142221499511347 0.00105275661849084 0.00103076378405919 0.00117534785285139 0.000867526914196807 0.000771700411141 -0.000245732782056894 -0.000167337381216765 -0.000246475305261764 -0.000291279828365278 -1.05926123974476e-05 0.000165801676883529 0.000210970889754421 0.00074550875485671 -9.03973804759581e-05
"Immunityhybridboost_367-427" 0.00642271454083569 0.00518304042060339 0.00603271424184776 0.00338272207034562 0.00246351939659069 0.0030948239071008 0.00552810608939835 0.0116395025355208 0.0150541620753744 0.00186449343938214 0.00218117214818209 0.00346607578854463 0.00579427841702251 0.00429151480976671 0.00440177054091739 0.0073892061458587 0.00611305593908631 0.0091557240616784 0.00577002891161847 0.0033785940211865 0.00450787900623738 0.00748955662313593 0.512151048374819 0.0150411196117979 0.00399211945220132 0.00288829092044528 0.00422269256080439 0.00636001407966446 0.00745695375736782 0.00596715473035953 0.00831666058069709 0.00350382922647076 0.00212576517802928 0.00343098085822291 0.00601729502810947 0.00970102433467219 0.00734416106666034 0.0019281954026199 0.00601634608822125 0.00960309266868348 0.0130044289633151 0.00119495737780916 0.00076856724267437 0.000680366269847191 0.000696050051545998 0.000718389047705881 0.000537044751813763 0.000500979165325838 -0.000233821799156112 -0.000270841874635171 -0.000634876466757673 -0.00105358433973619 -0.000933066503587467 -0.00102612078728269 -0.00115241318732783 -0.000723499137935406 -6.90837238210437e-05
"Immunityhybridboost_428-488" 0.00734644678773104 0.00501477300955261 0.00648814069689183 0.0034334728782973 0.00228155314861538 0.00293692103730458 0.00528283675808605 0.0136111726232203 0.0319176755830259 0.0018504861544906 0.00207624411567241 0.00322337316430226 0.00570051813244415 0.00463727697102661 0.00416432998573001 0.00761971477734537 0.00589963128987637 0.0106273711280839 0.00671214690094837 0.00323965693159253 0.00436413055649361 0.00782179292986884 0.0150411196117979 12577504.7939175 0.00428776972420135 0.00273776599751752 0.00400313750806746 0.00665448739427152 0.00825884031036169 0.00633164409276824 0.00919851276582064 0.00384443403428774 0.00202621816548105 0.00326741979074885 0.00660451528243485 0.0111961077810798 0.0119393151637667 0.00187287181587691 0.00580001954880485 0.0111793924740147 0.0175907783844359 0.00120559704400018 0.00100060791087273 0.00102148104013069 0.000925845271283316 0.000752413946257022 0.000625895418247009 0.000405236931612915 -0.000348684097797724 -2.42762723197226e-05 -0.000421223682006857 -0.000422807593132652 -0.000182874052884206 -0.000543475721408182 -0.00108409396874787 -0.000928578974313128 -0.000113398253457667
"Immunityhybridfull_123-183" 0.00382812133389989 0.0036004845267844 0.00403881036382023 0.00474137780184301 0.00458131734085796 0.00361823911451081 0.00319988682739111 0.0037498278637406 0.00406858068015363 0.00472675138336963 0.00434911949817942 0.00392903818546129 0.00435456067536291 0.00450254329835684 0.00383953673964899 0.0037796157427949 0.00333506676712905 0.00366032087615731 0.00407153629411023 0.00398306237506196 0.00371681860219304 0.00368432580152031 0.00399211945220132 0.00428776972420135 140784.993697132 0.00459342002936002 0.00432669268355007 0.00426642274965491 0.00444728651331595 0.00424631304995014 0.00422971396392757 0.00463871551305238 0.00427194705131489 0.00408119305180377 0.004099630342728 0.00444445949949221 0.00483917513052937 0.00443603600842954 0.00319912889151472 0.00343443530114256 0.00382547556954273 0.00259345265885482 -0.000458620106504514 -0.00144458559414903 -0.00027890495533639 -0.000303419757474258 -0.000523410023402379 2.10510999026553e-05 0.000152878522561046 0.00058356232228935 0.000953378923701144 0.0016707241244676 0.00225272805975114 0.00275378831264167 0.00291036994562215 0.00346706201052731 0.000260933928118008
"Immunityhybridfull_184-244" 0.00359174569212916 0.00371063465592036 0.00393415503241896 0.0044283357868024 0.00420766242304552 0.0039050093959853 0.00336949122825427 0.00267950169041898 0.00245812946305885 0.00420884409850638 0.00434176474263897 0.00443051178024565 0.00436038843522205 0.00469217698387809 0.0042596448122515 0.00356317749420121 0.00331893879659586 0.00308164207425736 0.00372515804296425 0.00421080443067603 0.00401464266945812 0.00354496167147768 0.00288829092044528 0.00273776599751752 0.00459342002936002 1.00509495861653 0.00478721030792211 0.00444098619395767 0.00432419108133667 0.00452264738959476 0.00397751787892245 0.00426631876330129 0.00450584649981602 0.00424434159317911 0.00394087431744698 0.00352468859239195 0.0039472688533903 0.00436044927561826 0.00317003428474206 0.00277139872708812 0.00251567608112224 0.00452018837153788 -0.0010204564289038 -0.00457581475397652 -0.00114830872012627 5.84684226592111e-05 -0.000153665910229888 0.000306895023776732 0.000531451444712258 0.0013422329423149 0.00204145391816438 0.00294378600015132 0.0036556229452562 0.00422812187538424 0.00449383159622748 0.00506591404828674 0.000161220644561096
"Immunityhybridfull_245-305" 0.00407307749704045 0.00419074358409485 0.00436743613304911 0.00408950905172896 0.00366541188716995 0.00384048646672504 0.00413345888585783 0.00404562263422806 0.00376001191538252 0.00338287678338907 0.00376688896632661 0.00446336821898807 0.00477106896423323 0.00462867183778132 0.0045748513320985 0.00439018198657892 0.00407652691459786 0.00417292429299281 0.00394371893938146 0.00415106138204041 0.00433371801071892 0.00449090621676469 0.00422269256080439 0.00400313750806746 0.00432669268355007 0.00478721030792211 0.338262425258737 0.00501671542739185 0.00491268339307652 0.00503110254158314 0.00484399357238423 0.003820368068912 0.00394963781540417 0.00412656371146801 0.00427275120723142 0.00426576529444155 0.0039526633127287 0.00366462877927818 0.00393428201628189 0.00401006014993058 0.00389171052492803 0.00489723768281367 -0.000523437890112694 -0.00382312482761918 -0.000589381387270676 0.000695866141892381 0.000371337287843027 0.000598276727616482 0.000590255833592033 0.0014395818632593 0.00194515398854666 0.00264552161461301 0.003164373052171 0.00370933803976489 0.00394594365786238 0.00456039738555347 7.47612001147087e-05
"Immunityhybridfull_306-366" 0.00484356983326958 0.00464811224370451 0.00495641732958135 0.00394754067528387 0.00322253767997118 0.00363603422262832 0.00479406651935744 0.00611382046585371 0.00644168533334545 0.00287688687388742 0.00328431188246321 0.00440358459306514 0.00531704365729648 0.00464194337384246 0.00478572601623854 0.00540037671253632 0.00483197393399925 0.00565304234389463 0.00440403027764771 0.00401449225816117 0.0045629906195385 0.00558131348868304 0.00636001407966446 0.00665448739427152 0.00426642274965491 0.00444098619395767 0.00501671542739185 0.339044601390808 0.00580636120953049 0.00560727304518908 0.00602901874615653 0.0036837653891082 0.00349400739778505 0.00413893890372683 0.00499683872678046 0.00585780705427827 0.00478808553082643 0.00312104072181725 0.00468086142752879 0.00564965320326133 0.00623525588079894 0.00476803850424476 -0.000230233232720923 -0.002955173106457 -0.000218910813042149 0.000938285295146901 0.000666057051511016 0.000752918269280483 0.000575516728526347 0.00136775712877838 0.00171950394596976 0.00227757123689583 0.00267598850018599 0.00317483584252872 0.00333128394969101 0.00399513221414309 2.61406219330437e-05
"Immunityhybridfull_367-427" 0.00502355665561983 0.00465938184691088 0.0051788504339712 0.00405094086052337 0.00337742322198184 0.00360476906611089 0.00468729354858863 0.00710641904461312 0.00805239438900783 0.00283305949381535 0.00322797509105028 0.00420160257066325 0.00541110010466346 0.00475911677347743 0.00466552590497399 0.00570614044485127 0.00491010966994471 0.00620161359129908 0.00479136363559356 0.00399527065881061 0.00452574720517713 0.00579987861121006 0.00745695375736782 0.00825884031036169 0.00444728651331595 0.00432419108133667 0.00491268339307652 0.00580636120953049 0.339544779534549 0.00567113582730039 0.00646524192176092 0.00382958154701112 0.00328187464596658 0.00385764932056907 0.00496880937837411 0.00648680613071833 0.00534249737376296 0.00304281772699998 0.00474723061134196 0.00621988432515662 0.0075173604722978 0.00483109300897633 0.000753994835447321 -0.000887871074019663 0.000111024961522883 0.000790989335492933 0.000742095503421533 0.000778595738711519 0.000549970782414352 0.0011411112555422 0.00137508128272485 0.00195272742658781 0.00236133425780736 0.00288857387197097 0.00300707126510629 0.00372999702301931 1.6641195331694e-05
"Immunityhybridfull_428-488" 0.00464146246965194 0.00459630609305866 0.00484719924892807 0.00393174219100028 0.00327395087271766 0.00374334966929128 0.00472465662450695 0.00570850654270161 0.00608389518909251 0.00273104626243371 0.00326099272933675 0.00441918295904461 0.00516530349855299 0.0046474108354025 0.00481894258178035 0.00524742948602708 0.00472970671368016 0.00538240407641965 0.00433493094321498 0.00410930252070809 0.00461015420704166 0.00543184287911412 0.00596715473035953 0.00633164409276824 0.00424631304995014 0.00452264738959476 0.00503110254158314 0.00560727304518908 0.00567113582730039 0.505580520784543 0.00586570439528683 0.00358664372201186 0.00344364002441269 0.00395766821737365 0.00465171607757982 0.00530373310452782 0.00443001045040161 0.00308454240539478 0.00457217134368868 0.0053393536015503 0.00578355470414318 0.00509450312264615 0.00153473685307911 -0.000184092170493532 0.000325597371078123 0.000862655144391457 0.000840447504049272 0.000916883331016366 0.000345377129836279 0.000783063933798046 0.00104638856645149 0.0019911103461912 0.00264154184243241 0.00326920992807715 0.00336168506214131 0.00400792816001794 5.37790139158009e-05
"Immunityhybridfull_489-549" 0.00537968852582848 0.0048751516891477 0.00535677354906323 0.00375209546617282 0.00294758065411624 0.00341806879903459 0.0050894570021857 0.00800723577800531 0.00903455740709058 0.00240643774427464 0.00282848142666409 0.0040680213005439 0.00554824541394986 0.00453732983663507 0.00470209545043527 0.00619432532089223 0.00532090406199048 0.00687526660432784 0.00486530098853031 0.00382430450209413 0.00459445268231604 0.00633853936807841 0.00831666058069709 0.00919851276582064 0.00422971396392757 0.00397751787892245 0.00484399357238423 0.00602901874615653 0.00646524192176092 0.00586570439528683 1.00698768346989 0.00359691888018831 0.00294852273036037 0.00383712037319227 0.00526366166573833 0.00712243206838655 0.00547621562253029 0.00264429937853416 0.00517466759613126 0.0070119262744025 0.00841448760286656 0.00442058817953189 0.00295456263678782 0.00171516493503774 0.0013079952278867 0.00138860463100426 0.001090140526872 0.00100275964766873 0.000255696392809803 0.000599640700876279 0.000749732673198748 0.00163121550090556 0.00217120699474737 0.00257274783102101 0.00256330617353099 0.00299053546857803 8.50190883767876e-05
"Immunityinf_123-183" 0.00448312145601625 0.00311815449447445 0.00352395816932683 0.0043721261723949 0.00426820415860106 0.00317652492413314 0.00271036047347399 0.00329578454255683 0.00367585645130899 0.00646830937681303 0.00517194222558063 0.00387112729207419 0.00399250994635424 0.00392933394484098 0.00325500725127029 0.00323516996272236 0.00286937655387584 0.003191689719474 0.00365205434388234 0.00349954316179146 0.00317966729543412 0.00313031900472832 0.00350382922647076 0.00384443403428774 0.00463871551305238 0.00426631876330129 0.003820368068912 0.0036837653891082 0.00382958154701112 0.00358664372201186 0.00359691888018831 1.00558194863468 0.00589568749005548 0.00599609262192146 0.0061547661515564 0.00651008908926265 0.00663467674086685 0.00593415450609805 0.002754836368066 0.00299267012300812 0.00341262031300489 -0.00330593890437813 -0.00205997477899324 -0.000844846787138992 0.000251448560335904 -0.000236453298028854 -0.00074837865374961 -0.000226421584329836 0.000104357938569734 0.000402249480465413 0.000540895910798846 0.00108668672562408 0.00145834641771387 0.00190284962682935 0.00210001225022181 0.00248245201798237 0.000150163378539495
"Immunityinf_184-244" 0.00503274064875191 0.00291779843003262 0.00301735916163253 0.00332500625982672 0.00320441115552042 0.00311500298965292 0.00263120120806253 0.00198952716771419 0.00183948762810316 0.00721079272837479 0.00582993537792998 0.00448455345584663 0.00374309495433428 0.00360456698146888 0.00329798717658498 0.00270283579744072 0.00259372525975207 0.00233555822560007 0.00286667309322526 0.00327654229692007 0.00312211009507418 0.00267792553686025 0.00212576517802928 0.00202621816548105 0.00427194705131489 0.00450584649981602 0.00394963781540417 0.00349400739778505 0.00328187464596658 0.00344364002441269 0.00294852273036037 0.00589568749005548 0.132717358225046 0.00812385613177622 0.00816266760882128 0.00775655972881827 0.007349909059958 0.00715057318858631 0.0024885527897426 0.00209660020551748 0.00186865828166171 -0.00703745741465688 -0.00579791400152482 -0.00329044760604932 -0.000178489657661961 -0.000241045172782903 -0.000649893456483422 -0.000172485822219522 0.00022257116532034 0.000739047067908314 0.00108448413802257 0.00163716842791567 0.00209701231076164 0.00255442506352782 0.00271849405854047 0.00310850768641948 0.000126288420428096
