"Immunity_other" "Immunityb45_001-061" "Immunityboost_001-061" "Immunityboost_062-122" "Immunityboost_123-183" "Immunityboost_184-244" "Immunityboost_245-305" "Immunityboost_306-366" "Immunityboost_367-427" "Immunityboost_428-488" "Immunityfull_001-061" "Immunityfull_062-122" "Immunityfull_123-183" "Immunityfull_184-244" "Immunityfull_245-305" "Immunityfull_306-366" "Immunityfull_367-427" "Immunityfull_428-488" "Immunityfull_489-549" "Immunityhybridboost_001-061" "Immunityhybridboost_062-122" "Immunityhybridboost_123-183" "Immunityhybridboost_184-244" "Immunityhybridboost_245-305" "Immunityhybridboost_306-366" "Immunityhybridboost_367-427" "Immunityhybridfull_062-122" "Immunityhybridfull_123-183" "Immunityhybridfull_184-244" "Immunityhybridfull_245-305" "Immunityhybridfull_306-366" "Immunityhybridfull_367-427" "Immunityhybridfull_428-488" "Immunityhybridfull_489-549" "Immunityinf_062-122" "Immunityinf_123-183" "Immunityinf_184-244" "Immunityinf_245-305" "Immunityinf_306-366" "Immunityinf_367-427" "Immunityinf_428-488" "Immunityinf_489-549" "Immunitysecbnew_001-061" "Immunitysecbnew_062-122" "Immunitysecboost_001-061" "Immunitysecboost_062-122" "Immunitysecboost_123-183" "AgeGr0-11" "AgeGr12-15" "AgeGr16-17" "AgeGr18-24" "AgeGr25-29" "AgeGr30-34" "AgeGr35-39" "AgeGr45-49" "AgeGr50-54" "AgeGr55-59" "AgeGr60-64" "AgeGr65-69" "AgeGr70-74" "AgeGr75-79" "AgeGr80+" "SexM"
"Immunity_other" 0.00127340824065014 0.000216678466346252 0.000201034958699433 0.0002000478596322 0.00019168747969392 0.000190234995618301 0.000197760578442684 0.00020577853095676 0.00021174713584185 0.000221292960808299 0.000199932526740418 0.000193466947889974 0.000185722159203365 0.000194445073212157 0.000204449996662472 0.000200940708658327 0.000203173152515537 0.000208456006630856 0.000210274888627851 0.000200732799915342 0.000199254351181219 0.000193767111469082 0.000197847575158161 0.000205210879736778 0.000212550853315432 0.000216447752488192 0.00020010488385098 0.000195543177379299 0.000202153315147925 0.000207520003993803 0.000207023382774346 0.00020672425303528 0.00021141717844272 0.000213949552060467 0.000197627924260659 0.000189285108615985 0.00019446195328844 0.000198279169652817 0.000205758605887182 0.00021106890833393 0.000187482996818148 0.000189541575204737 0.000207591542424 0.000213281790270272 0.000196069122453629 0.000205038045692943 0.00021040212797985 7.93456040954078e-05 6.78504844835525e-06 4.1254600620561e-07 -1.35876677721213e-05 -1.28158432249283e-05 -5.24286050091373e-06 -3.41595464277725e-06 4.18768270091195e-07 3.07863377374463e-06 6.82396879237491e-06 1.20311499926246e-05 1.79090042313777e-05 1.62022461135768e-05 1.24350137712135e-05 1.93703039742901e-05 4.32416669666298e-06
"Immunityb45_001-061" 0.000216678466346252 0.500426436538054 0.000183916015239591 0.000182746222504186 0.000161464571265705 0.00017253846596125 0.000216181868929821 0.000340999612099395 0.000487803279538563 0.000484172847592461 0.000190747789257348 0.000166430089975101 0.000142907520963704 0.000158191028504551 0.00018905599912177 0.00019111192201443 0.000192566222658213 0.000264897658260373 0.00036332041447071 0.000237557456812639 0.000228827618215148 0.00017626824881368 0.000185853841106375 0.000243241532237942 0.000378336785764915 0.000479007197888254 0.000205138881950756 0.000159091789526765 0.00017523472171336 0.000222303246134519 0.000246609071916338 0.000221533539030499 0.000274609361429281 0.000356501586989297 0.000207203729025766 0.000148959218592032 0.000161474059316693 0.000199290968295898 0.000264974617533607 0.000385460728510288 0.000158304328803935 0.0001519909993088 0.000442709966636036 0.000501359843087605 0.000250160423646504 0.000402168323766703 0.000510410681402218 0.000136475307219111 1.84740046962234e-05 1.09782275909519e-05 6.60278786753796e-07 -1.28318468007658e-06 -8.25752379607675e-06 -5.71884203083936e-06 -5.20320690619027e-06 -4.34590685921533e-06 -8.71332800208752e-06 -2.12319945356475e-05 -2.2876971868843e-05 -3.47074632469083e-05 -5.15329828028294e-05 -3.77699487976463e-05 4.17869866555467e-07
"Immunityboost_001-061" 0.000201034958699433 0.000183916015239591 0.032480124655408 0.000224100697056499 0.000228187186511861 0.000215211308378934 0.00020102624672645 0.000184254137551512 0.000166323123212436 0.000169319439652393 0.000215983232771336 0.000215716945017863 0.000215226840391798 0.000223123251290166 0.000218810369157524 0.000225323924549126 0.00021645114941102 0.000201303284637876 0.00018756811451076 0.000202410995392163 0.000210048696583436 0.000219301399994603 0.000212510623841805 0.000200728288361743 0.000184499089466349 0.000171185444404309 0.000217523384566447 0.000228391062697945 0.000221225016623828 0.000212168759375347 0.000211572836467197 0.000212405925374869 0.000202281304632943 0.000191894675767593 0.000211195356417756 0.00021681142309737 0.000206663163367761 0.000197878945568448 0.00018818759236309 0.000177776977025155 0.000213731478055847 0.000207746881920838 0.000171778295995706 0.000161604171349558 0.000191608053662664 0.000174305503069171 0.000160869690504972 0.000143931419170509 -5.43295297625637e-06 -4.0775394994093e-05 -4.43482277496475e-05 -2.0178817377962e-05 -8.93363766258284e-06 -5.44527792575854e-06 5.82829593302253e-07 4.8644496087887e-06 8.4333770521283e-06 1.29790816220819e-05 1.17765081252897e-05 1.4870705635094e-05 1.29457556604679e-05 2.53734625720597e-05 3.41997045129724e-06
"Immunityboost_062-122" 0.0002000478596322 0.000182746222504186 0.000224100697056499 0.00966357281311609 0.000240225583374014 0.00022001028135638 0.000192989610256629 0.000175516854340102 0.000163810304600817 0.000172474790622545 0.000218412103661454 0.000222458716264649 0.000226212052384864 0.000230730058639216 0.00021733416735135 0.00023214052114779 0.000215496717335454 0.000195591414509878 0.000185210751911024 0.000197792851779269 0.00021260445121534 0.000226562717804043 0.000213143705469601 0.000194341739174985 0.000181297130251779 0.000172017794064357 0.00022387038658516 0.000239373917681493 0.000223221762110878 0.000210095251021813 0.000213502226775111 0.000211405663067755 0.000198389389858802 0.000191747222886786 0.000217388930625647 0.000227662619675467 0.000208348410077342 0.000196793363428926 0.0001837982055116 0.000180421718201012 0.000225295553858273 0.000213538750858232 0.000166209427708263 0.000160122057144464 0.000178633887187701 0.00016570413463347 0.000158093751223043 0.00014928372540854 -1.31534166192146e-06 -4.13894494425816e-05 -3.8086183931186e-05 -1.32626523908128e-05 -4.67921867568979e-06 -3.57547566429146e-06 4.46057299318535e-07 7.20043752334884e-06 1.45528592259397e-05 2.06445290066532e-05 2.27506841811724e-05 2.67629187431206e-05 2.70929933911544e-05 4.22230750049761e-05 3.32940726175864e-06
"Immunityboost_123-183" 0.00019168747969392 0.000161464571265705 0.000228187186511861 0.000240225583374014 0.00142364602494615 0.000237167920100526 0.000184350857406426 0.000159653350641819 0.000146793017319838 0.000155912589263153 0.000220793841653616 0.000237465866729061 0.000258726718882794 0.000245181139798568 0.000208997215811754 0.000243326145767545 0.000207063833785828 0.000181298174104911 0.000170366762790582 0.000190982275491937 0.000223832616080464 0.000250797054241347 0.00021421499004422 0.000181995876139778 0.00016492188022949 0.000155268084295228 0.0002425986914719 0.00026644520981699 0.000220709780113301 0.000197902185033812 0.000210194203336009 0.00020050783706006 0.000183269449686754 0.000176485876105879 0.000237134896501713 0.000254090917557912 0.000205775945629629 0.000182645749820596 0.000161799986627495 0.000160188035973718 0.000260067938625 0.000223104570835857 0.000149635446095005 0.000144545509766703 0.000165134291594308 0.000149414174007817 0.000141891073442803 0.00015367537331066 3.14328672503324e-05 -7.45425964166992e-06 -1.4241716644759e-05 5.6592626930917e-06 7.50049694505286e-06 3.33751247597664e-06 -2.56958121947568e-06 -2.98453747269644e-07 7.6487252344723e-06 1.60473457710676e-05 1.781491144052e-05 2.41712226746476e-05 2.72221780589641e-05 4.63122703855595e-05 1.05875461079197e-06
"Immunityboost_184-244" 0.000190234995618301 0.00017253846596125 0.000215211308378934 0.00022001028135638 0.000237167920100526 0.000455668636565314 0.000210868340980145 0.000187586179321524 0.000177447918687175 0.000171492083960532 0.000202205702056847 0.000208766145798864 0.000215172015765292 0.000223146829909598 0.000203741542445284 0.000218237905691243 0.000211158754039214 0.000191852329591074 0.000187138204509067 0.000207625778995454 0.000215684088399032 0.000232938077292988 0.000222733553205124 0.000198882703049362 0.000182132295032012 0.000175851184838738 0.000213038758202249 0.000230735232264227 0.000214839066867311 0.000199349184615232 0.000202268472393376 0.000203761069246288 0.000188824433662577 0.00018532967275272 0.000207475090557095 0.00022021146857652 0.000198207251770869 0.000183125857655841 0.000162274402232768 0.000156903729590161 0.000217967003023143 0.000211549830181952 0.000182082999094287 0.000177368323672129 0.000204231387460333 0.000183724105449538 0.000178029152595913 0.000145917633338597 4.65993841568766e-05 2.03555560831287e-05 5.73913402269053e-06 1.89934928027747e-05 1.58938569477805e-05 8.39868245875579e-06 -9.5857845908979e-06 -1.22159804622373e-05 -1.24554768052538e-05 -1.60740749045508e-05 -2.43275627040079e-05 -2.06040066986062e-05 -1.63931617442992e-05 6.75798725094902e-06 3.94619409981034e-08
"Immunityboost_245-305" 0.000197760578442684 0.000216181868929821 0.00020102624672645 0.000192989610256629 0.000184350857406426 0.000210868340980145 0.000410668869054389 0.000247192989739293 0.000234006853683502 0.000209272193814024 0.000188550433038989 0.000174765182387388 0.000161729386778088 0.000181882814093018 0.000204908161707405 0.000186819644284492 0.000210689907671382 0.000228553039771879 0.000224371468142416 0.00023127567055719 0.000211086174207045 0.000199741656644059 0.000216379773734625 0.000234617536874649 0.000228284374557015 0.000220438602380614 0.000190845457642641 0.000179166089805647 0.000200350253799996 0.000212568580541011 0.000203523012081735 0.000210561395094818 0.000221158067203155 0.000214701108149239 0.00018745584835219 0.000168875781309792 0.000185071361477185 0.000189719214646306 0.000196881858837955 0.000181060462773647 0.000166948024382962 0.000179700479911246 0.000243961809230935 0.000230982124574256 0.000260727052871068 0.000251781212412912 0.000236499224105784 0.000139010603192778 5.01393549490852e-05 2.89498463289457e-05 1.30256235381352e-05 2.28889707290384e-05 1.91445537608997e-05 1.03775449323064e-05 -1.14344764162353e-05 -1.60369383413187e-05 -2.08832429467078e-05 -3.25671917480561e-05 -4.49158628100541e-05 -5.47821886290233e-05 -6.27777637989633e-05 -4.59313904193511e-05 1.36346230251903e-06
"Immunityboost_306-366" 0.00020577853095676 0.000340999612099395 0.000184254137551512 0.000175516854340102 0.000159653350641819 0.000187586179321524 0.000247192989739293 0.000739036940792298 0.000398719579920117 0.000367370334815816 0.000179682427290855 0.000154833993930607 0.00013417216189853 0.000152554153714351 0.000189247155696178 0.000174694003167648 0.000195165934057801 0.000260163193661014 0.000313358867777515 0.000247176222014789 0.000223426358481016 0.000180123558234516 0.000198068214265573 0.000252821512393979 0.00032614586116425 0.000375424495728376 0.000190673835643827 0.000150303825620002 0.000175499604524566 0.000216770837354741 0.000223095916144876 0.000212191162552218 0.000257187257744516 0.000296964869625513 0.000191729872837184 0.000140241311433668 0.000160952692548875 0.000189525401343577 0.000237585087429865 0.000288299800078441 0.000146478416702195 0.000151094167929376 0.000383667340617118 0.000402074976349915 0.000289089807990124 0.000371466253791829 0.000414365988125489 0.00013442012869514 5.23723925876703e-05 3.38706776562035e-05 1.75844203774121e-05 2.47288004094174e-05 2.15291199222919e-05 1.17244124921244e-05 -1.13560020730422e-05 -1.69328021747278e-05 -2.3895735100647e-05 -3.77178831253759e-05 -4.89752725780817e-05 -7.72549687266043e-05 -0.000102596120031933 -9.59969684647488e-05 4.17993010679175e-06
"Immunityboost_367-427" 0.00021174713584185 0.000487803279538563 0.000166323123212436 0.000163810304600817 0.000146793017319838 0.000177447918687175 0.000234006853683502 0.000398719579920117 0.00374250596765619 0.00085786223814474 0.00016943151413498 0.000144414964486819 0.000119717381610841 0.000135165843314902 0.000166008674908 0.000168536310817102 0.000180248727759487 0.000265589074950816 0.00045250063871178 0.000252359866671642 0.000241432048172883 0.000172792740663299 0.000181982895906732 0.000246324827092125 0.000453335642680143 0.000695428962815287 0.000194005855327337 0.000136204310142137 0.000153145184600059 0.000204312911311394 0.000249410372952896 0.000220401765611342 0.000274027704908025 0.000431476471221261 0.000198044051048066 0.000126992895583805 0.000138311367734348 0.000177307479118261 0.000266905539055237 0.000473195624944153 0.000145581660464821 0.00013305210902942 0.000543270773854645 0.000887739237334104 0.000292890437241304 0.000498770989483385 0.000813495158590481 0.000129663868479116 5.36851275609528e-05 3.7653338434528e-05 2.15812798923205e-05 2.55168083435556e-05 2.36238557362841e-05 1.28319734816042e-05 -1.04422011028129e-05 -1.71568277016417e-05 -2.67508281202525e-05 -4.60177362709976e-05 -5.7494881342395e-05 -0.000102975916866045 -0.0001389772038091 -0.000136772070401018 9.04671052119311e-06
"Immunityboost_428-488" 0.000221292960808299 0.000484172847592461 0.000169319439652393 0.000172474790622545 0.000155912589263153 0.000171492083960532 0.000209272193814024 0.000367370334815816 0.00085786223814474 0.144326609873452 0.000175193956771114 0.000155772689525156 0.00012960921904837 0.000144588540980794 0.000170536172777622 0.00017733704351503 0.000188368050080058 0.000254117796340994 0.000491395631417225 0.000235740271685331 0.000245572637647948 0.00018015288889381 0.00018321220149503 0.000235034622834215 0.000477233461987901 0.000894500965348114 0.000206772420365209 0.000153138028358324 0.000163956523750131 0.000204998005137131 0.000268156765425705 0.000240264555037986 0.000275498557471286 0.000489910390912471 0.000209181268126402 0.000143001305839803 0.00014833225934273 0.000179760617937969 0.000284317879088437 0.000548300633532175 0.000167628227054527 0.000143404229172861 0.00050611397785504 0.00137055759872329 0.000242812326184084 0.000468343640632677 0.00104476220600724 0.000146236060480501 6.75255585439868e-05 5.25790333707785e-05 3.2124644775829e-05 2.95029294192589e-05 2.655312697972e-05 1.2752275206794e-05 -9.42286400541515e-06 -1.90673052856171e-05 -1.9539219309677e-05 -1.89998667122777e-05 -9.91561777269224e-06 -2.43547343119768e-05 -4.46941083728295e-05 -6.22925969664419e-05 1.80968740340916e-05
"Immunityfull_001-061" 0.000199932526740418 0.000190747789257348 0.000215983232771336 0.000218412103661454 0.000220793841653616 0.000202205702056847 0.000188550433038989 0.000179682427290855 0.00016943151413498 0.000175193956771114 0.166884362408191 0.000216647340069006 0.000216003132272119 0.000218916373483226 0.000214273122336816 0.000222032717608555 0.000208447520054397 0.000196134732861773 0.000186189140231494 0.000193158147208511 0.000203017103498447 0.000209125653425588 0.000200302886415345 0.000191804110014438 0.00018347651144519 0.000174999316495185 0.000214509029743404 0.000222579227704622 0.00021365199800888 0.000206810867805049 0.000208308831020381 0.000205906856055479 0.000198312572387417 0.000191040530698816 0.000210033477670414 0.000214845434086244 0.000204825940407186 0.000199053224402248 0.000194138889299117 0.000190136859867764 0.000212367515620497 0.000203953955692833 0.000172411402741716 0.000165940243120895 0.000179833811949307 0.000172828735016313 0.000164989724530744 9.73940459924081e-05 -5.0355652250478e-05 -6.55021327862513e-05 -4.86780872199696e-05 -2.87400958415935e-05 -5.1780086836755e-05 -1.68007769764588e-05 1.54143934854274e-06 4.08075863525638e-06 9.22300846566538e-06 9.76083002573674e-06 1.35431967091099e-05 1.22746480332101e-05 1.26887943837369e-05 2.13737138675607e-05 6.87039371254037e-07
"Immunityfull_062-122" 0.000193466947889974 0.000166430089975101 0.000215716945017863 0.000222458716264649 0.000237465866729061 0.000208766145798864 0.000174765182387388 0.000154833993930607 0.000144414964486819 0.000155772689525156 0.000216647340069006 0.100225999146462 0.000234269232299351 0.000228315847724593 0.00020826158667694 0.000226238942311395 0.000202635057635714 0.000177663445474154 0.000167406182681063 0.000181277008456095 0.000200913463689042 0.000217568475532638 0.000198672916920684 0.000175223423213333 0.000161268212646386 0.000153048287274028 0.000218598285584948 0.000235722436393659 0.000213081085209599 0.000195950805862148 0.000201149883795282 0.000197290963835 0.000180678601020212 0.000174166574041035 0.000214383066371898 0.000230188499418424 0.000207217699399507 0.000193590060961003 0.0001780580142929 0.000175708690076873 0.000229649856709162 0.000212857961443512 0.000145210138075276 0.000142217046391525 0.000158780205978619 0.000144504276030553 0.000139397427317263 6.95795786524996e-05 -6.61903418575466e-05 -4.44966898781588e-05 -4.31488385813169e-05 -3.44213821396287e-05 -3.95985215460676e-05 -2.18180270280223e-05 -1.43843067418971e-06 -1.00711980740385e-06 7.78076772498767e-06 1.17767009597327e-05 1.48758395441201e-05 2.04680142564391e-05 2.08152043014166e-05 3.18797091895964e-05 4.09705933815452e-06
"Immunityfull_123-183" 0.000185722159203365 0.000142907520963704 0.000215226840391798 0.000226212052384864 0.000258726718882794 0.000215172015765292 0.000161729386778088 0.00013417216189853 0.000119717381610841 0.00012960921904837 0.000216003132272119 0.000234269232299351 0.00960102997603083 0.000237606630766122 0.000200282403974816 0.000231573279474633 0.000193901816055304 0.000160705232027738 0.000147637149140512 0.000169771474468116 0.00020069949612054 0.000226911457062417 0.000194028643733897 0.00015898635861041 0.000139449452172922 0.000128334949041962 0.000223999998850726 0.000249967283588656 0.000208880917779282 0.000183566097706819 0.000193870459806531 0.000185532392766 0.000163141566580317 0.000154362856964794 0.000220511837734757 0.000246436460842873 0.000206043589820235 0.000185565343504946 0.000162254433792759 0.000158591624504656 0.000249046844038723 0.000219424201114304 0.00012270094456602 0.000116825675323388 0.000141692624958123 0.000122935071373948 0.000114231171972816 4.39509555550078e-05 -7.13556297403335e-05 -4.14979635154126e-05 -4.15324457945416e-05 -3.23664004829267e-05 -2.12130856820532e-05 -1.07960634107603e-05 2.16775311045164e-06 4.86705967995403e-06 1.08450952501283e-05 1.42687296875902e-05 1.82784381049681e-05 2.34405594810707e-05 2.5949442810022e-05 3.87549524011944e-05 1.38772729630049e-06
"Immunityfull_184-244" 0.000194445073212157 0.000158191028504551 0.000223123251290166 0.000230730058639216 0.000245181139798568 0.000223146829909598 0.000181882814093018 0.000152554153714351 0.000135165843314902 0.000144588540980794 0.000218916373483226 0.000228315847724593 0.000237606630766122 0.00245581933263856 0.000213696234036173 0.000234532541693875 0.000211450526809284 0.000179041005766205 0.000164481162283893 0.000186753036279064 0.000206336557289011 0.000228368382376648 0.000209865923767995 0.000178924189531294 0.000156928776765784 0.000143717513519564 0.00022141629190796 0.000245908684073671 0.000222116522543745 0.000200412397909632 0.000205040092911473 0.000203367310113712 0.00018120545849245 0.000171144345713305 0.000215045198515656 0.000237258895190662 0.00021074683359614 0.000193792919490347 0.000170910295216968 0.000163645201286164 0.000233421119138284 0.000220214830063645 0.000138938330144123 0.000132412135479614 0.000163249000012428 0.000139956651890581 0.000130006161313823 0.000117075195965135 -4.02708064280759e-05 -4.04855682094673e-05 -4.26583758956745e-05 -2.47411984368073e-05 -1.59131913376252e-05 -8.93082810768013e-06 1.73382066355557e-06 5.3249541452687e-06 1.20693575449581e-05 1.68245662728703e-05 1.97267249771439e-05 2.48383667104568e-05 2.61309570346575e-05 4.08974463042176e-05 -2.75821291733174e-06
"Immunityfull_245-305" 0.000204449996662472 0.00018905599912177 0.000218810369157524 0.00021733416735135 0.000208997215811754 0.000203741542445284 0.000204908161707405 0.000189247155696178 0.000166008674908 0.000170536172777622 0.000214273122336816 0.00020826158667694 0.000200282403974816 0.000213696234036173 0.00197157128705057 0.00021779162612328 0.000219311802357617 0.000208841136083851 0.000190502098245788 0.000204362639892132 0.000203780489361914 0.000206859475791859 0.000210570911933335 0.000207743810271728 0.000189738346250987 0.000172381068894276 0.000209144670730767 0.00021369194677116 0.000220731582108722 0.000217411155549858 0.000211578713195166 0.000216742080133438 0.000210090538170934 0.000195956185386788 0.000202871196179931 0.000203127570917559 0.000208027189518836 0.000204241628119091 0.000200056099906012 0.0001841190406434 0.000198302665315913 0.00020154856019964 0.000173058443813766 0.000161229192519175 0.000196752373309477 0.000176848076001777 0.000160262309555065 0.000136848493463919 -3.35970162388387e-05 -3.77141134812416e-05 -4.47553296240748e-05 -2.2367314977529e-05 -1.31677953019202e-05 -7.55083603168603e-06 7.01328425207388e-07 4.45575266165765e-06 1.02875498546217e-05 1.52626407388181e-05 1.7172225346637e-05 1.93992254212422e-05 1.78330685611074e-05 3.20914576076197e-05 -3.6879892607785e-06
"Immunityfull_306-366" 0.000200940708658327 0.00019111192201443 0.000225323924549126 0.00023214052114779 0.000243326145767545 0.000218237905691243 0.000186819644284492 0.000174694003167648 0.000168536310817102 0.00017733704351503 0.000222032717608555 0.000226238942311395 0.000231573279474633 0.000234532541693875 0.00021779162612328 0.001242392485294 0.000214380008391735 0.000194806410464995 0.000187200755805736 0.000194832523944719 0.000213154544568657 0.000226540022370484 0.000209612354905098 0.000190616962396887 0.00018360149374842 0.000177408373585917 0.000226696522749787 0.000243070972025147 0.000222668742995383 0.000209900133820997 0.000216297166585042 0.000210819320367996 0.000198661198847308 0.000194421636938554 0.000220327181094601 0.000231505629613645 0.00020823563457342 0.000197892419545806 0.000186655551562271 0.000189479910004256 0.00022957053471133 0.000214481234155346 0.000170749158117002 0.000164426879177062 0.000172043806159413 0.000167963063496148 0.000162954718610439 0.000146285357668002 -1.96657932446337e-05 -5.20786165055158e-05 -5.31261320381571e-05 -2.27847416289455e-05 -1.22055460608931e-05 -7.66654529860165e-06 4.4744266365048e-06 9.35358755844782e-06 1.62993012064739e-05 2.21275602375925e-05 2.56949761417407e-05 2.91289885232515e-05 2.952620746234e-05 4.5164760157858e-05 -2.89562878753704e-06
"Immunityfull_367-427" 0.000203173152515537 0.000192566222658213 0.00021645114941102 0.000215496717335454 0.000207063833785828 0.000211158754039214 0.000210689907671382 0.000195165934057801 0.000180248727759487 0.000188368050080058 0.000208447520054397 0.000202635057635714 0.000193901816055304 0.000211450526809284 0.000219311802357617 0.000214380008391735 0.000982723679116162 0.000210036056595518 0.000198044039069811 0.000209028878964153 0.000206501666546721 0.000210661944490698 0.000216810700204426 0.000211571265624726 0.00019697506917113 0.00018636170755585 0.000206766322616457 0.000212393730767069 0.000220836078485884 0.000216891544674648 0.000211778962180499 0.000218394927216909 0.00021113256283411 0.000202592449892066 0.000200426378941254 0.000200839211698467 0.000205250899790307 0.000200821530289775 0.000194603402341547 0.000184053560644785 0.000195224011944535 0.00020222940216673 0.000182575529124347 0.000180334957571775 0.000202719485707616 0.000184701633193507 0.000177510243078392 0.000151603331144035 2.43116846826125e-05 -1.46770755296571e-05 -2.22399585264123e-05 -1.22841243092754e-07 3.18831729416e-06 1.21749897150326e-06 8.83564327035403e-07 2.90537687250593e-06 8.48905683210354e-06 1.2997997815842e-05 1.57926136956342e-05 1.81625526281113e-05 1.85761235828027e-05 3.42722193443381e-05 -1.90753087040948e-06
"Immunityfull_428-488" 0.000208456006630856 0.000264897658260373 0.000201303284637876 0.000195591414509878 0.000181298174104911 0.000191852329591074 0.000228553039771879 0.000260163193661014 0.000265589074950816 0.000254117796340994 0.000196134732861773 0.000177663445474154 0.000160705232027738 0.000179041005766205 0.000208841136083851 0.000194806410464995 0.000210036056595518 0.00157243530923448 0.000249023932035678 0.000228336160793768 0.000214309787599021 0.000192444768890463 0.0002071049872388 0.000240333176223877 0.000260883222043188 0.000263242459323552 0.000201620051077533 0.000179752227816817 0.000200194927060833 0.000224786450630697 0.000221343711420659 0.000219104325204465 0.000244919850955545 0.000247935344316428 0.000199247735291647 0.000168252472845473 0.000185199073601049 0.000201246167443527 0.000227004996807469 0.000231602301563532 0.000168376334524093 0.000174843055574744 0.000271705740950013 0.00025761685781363 0.000240737224485211 0.0002691917061343 0.000261686430684466 0.000150723640048666 4.98423576656621e-05 1.90995872802284e-05 5.26927494925579e-06 1.7762573761783e-05 1.61152996719912e-05 8.82501111267337e-06 -3.89430467541551e-06 -5.75173207199861e-06 -3.70895529437243e-06 -2.09113783923689e-06 -1.74917053153309e-06 -7.40442183343457e-06 -1.15512237516011e-05 1.45027507134038e-06 1.10713086755043e-06
"Immunityfull_489-549" 0.000210274888627851 0.00036332041447071 0.00018756811451076 0.000185210751911024 0.000170366762790582 0.000187138204509067 0.000224371468142416 0.000313358867777515 0.00045250063871178 0.000491395631417225 0.000186189140231494 0.000167406182681063 0.000147637149140512 0.000164481162283893 0.000190502098245788 0.000187200755805736 0.000198044039069811 0.000249023932035678 0.00450387732009543 0.000235264883085706 0.000225757616860087 0.000187066370762948 0.000197419833721565 0.000237973999527619 0.000342899408264121 0.000445639754401746 0.000201103743505253 0.000167022498944069 0.000183181038389027 0.000215457124493358 0.000234776102965713 0.00022088537811795 0.000255325492258913 0.000329572328671856 0.000201154702028885 0.000156277020721189 0.00016778389330736 0.000191549817557398 0.00024119067174135 0.000341019429501672 0.000163382765255073 0.000161244507803123 0.000385735734757436 0.000503793244901973 0.000252392562761816 0.000360090360647846 0.000490683611849368 0.000145730388819476 6.08633603346872e-05 3.63868858912268e-05 1.65821278523239e-05 2.10087254692154e-05 1.91749377872606e-05 1.03850550982844e-05 -5.48513633872918e-06 -8.36669571460607e-06 -1.04388219280735e-05 -1.03294488067923e-05 -1.17299993547196e-05 -3.20137558195102e-05 -4.64168720477628e-05 -5.16130687294606e-05 8.28075046892946e-06
"Immunityhybridboost_001-061" 0.000200732799915342 0.000237557456812639 0.000202410995392163 0.000197792851779269 0.000190982275491937 0.000207625778995454 0.00023127567055719 0.000247176222014789 0.000252359866671642 0.000235740271685331 0.000193158147208511 0.000181277008456095 0.000169771474468116 0.000186753036279064 0.000204362639892132 0.000194832523944719 0.000209028878964153 0.000228336160793768 0.000235264883085706 0.00774543297774199 0.000213951853344163 0.000201816227606572 0.000212581813451672 0.000229788945249827 0.000240070024208381 0.000243960812990607 0.000198764947641051 0.000187104513096055 0.00020111814152639 0.000213960714052891 0.000211090854435275 0.000212292577682267 0.000225296187266317 0.000229361060598972 0.000195615498162137 0.000176457411138348 0.000185812600557741 0.000192361150364617 0.000203485314881795 0.000206030133780347 0.000175830423567938 0.000182121531268956 0.000255636760283445 0.000248730289028239 0.000244293611144977 0.000255709129530035 0.000253658698278676 0.000142375176567144 4.60697371615946e-05 2.0252704630869e-05 7.54028804326018e-06 1.59184950246259e-05 1.58657025530161e-05 8.81541973477524e-06 -7.44967597248661e-06 -1.23958341962369e-05 -1.5239072737765e-05 -2.11888280262756e-05 -2.50963579467038e-05 -3.08446458967244e-05 -4.11742591295194e-05 -2.87979960446559e-05 3.62481770719826e-06
"Immunityhybridboost_062-122" 0.000199254351181219 0.000228827618215148 0.000210048696583436 0.00021260445121534 0.000223832616080464 0.000215684088399032 0.000211086174207045 0.000223426358481016 0.000241432048172883 0.000245572637647948 0.000203017103498447 0.000200913463689042 0.00020069949612054 0.000206336557289011 0.000203780489361914 0.000213154544568657 0.000206501666546721 0.000214309787599021 0.000225757616860087 0.000213951853344163 0.00746625637510483 0.000218528576698972 0.000210871158185791 0.000213181416138491 0.000227733139314669 0.000241065763994163 0.000216727718565194 0.000215368498963805 0.000206081515804035 0.000208954385760347 0.00021555828560691 0.000209361624956515 0.000215081493936354 0.000225105039794603 0.000213210187684121 0.000204127205357135 0.000190813497357754 0.000189567654865987 0.000194889937953079 0.000210083158342776 0.000206518462504489 0.000195112369769752 0.000234488777164664 0.000247087422584544 0.000212868251876559 0.000230400050426156 0.000244775196673359 0.000147681089208016 4.17954804815875e-05 8.415432373126e-06 2.11465474245478e-06 1.19414279225741e-05 1.33124618773814e-05 6.89226900934023e-06 -5.49707949338724e-06 -7.64539237270907e-06 -5.84728019208787e-06 -4.69463970751789e-06 -4.89193572635539e-06 -6.99481262075203e-06 -1.25961119249947e-05 3.29473447611693e-06 5.59786539200188e-06
"Immunityhybridboost_123-183" 0.000193767111469082 0.00017626824881368 0.000219301399994603 0.000226562717804043 0.000250797054241347 0.000232938077292988 0.000199741656644059 0.000180123558234516 0.000172792740663299 0.00018015288889381 0.000209125653425588 0.000217568475532638 0.000226911457062417 0.000228368382376648 0.000206859475791859 0.000226540022370484 0.000210661944490698 0.000192444768890463 0.000187066370762948 0.000201816227606572 0.000218528576698972 0.00253586783449796 0.000219208362953222 0.000196181967929308 0.00018340097983082 0.000178555881207172 0.000224802838201536 0.000241989945845549 0.000217995701392192 0.000202631414652879 0.000208782366350192 0.000206134528227265 0.000193379707366246 0.000190744514049497 0.000219353104271269 0.000230507974517411 0.000201875480295125 0.000186214294590354 0.000169486790338257 0.000168183523941027 0.000230495118499389 0.000214338023586254 0.000172747925414353 0.000172766227353698 0.000186466865013392 0.00017235968116323 0.000170199389643249 0.000154080406825613 4.96425209846423e-05 1.84360338061863e-05 5.93213254090751e-06 1.74866907829884e-05 1.60963720597737e-05 8.42145791934621e-06 -6.34185546572655e-06 -6.54027943259707e-06 -1.53488430605205e-06 5.14734265791322e-06 9.8910936277848e-06 1.37632548855473e-05 1.40496980682955e-05 3.26051096571375e-05 5.38217357957246e-06
"Immunityhybridboost_184-244" 0.000197847575158161 0.000185853841106375 0.000212510623841805 0.000213143705469601 0.00021421499004422 0.000222733553205124 0.000216379773734625 0.000198068214265573 0.000181982895906732 0.00018321220149503 0.000200302886415345 0.000198672916920684 0.000194028643733897 0.000209865923767995 0.000210570911933335 0.000209612354905098 0.000216810700204426 0.0002071049872388 0.000197419833721565 0.000212581813451672 0.000210871158185791 0.000219208362953222 0.00102412643544522 0.00021323181683857 0.000196923677441529 0.00018593793832412 0.000206854373275407 0.000214350635475074 0.000217275475735485 0.000211252521852883 0.000207372553705842 0.000213822183066098 0.000206658864669355 0.000199785508170932 0.00020117694440614 0.000203184403457035 0.000200701153689389 0.000193245764125177 0.00018217899809276 0.000170980418776844 0.000198667323855705 0.000203700034511688 0.000186571376045312 0.000178678860107912 0.000208742728232067 0.000188521083226633 0.000177918137700255 0.000154485717374668 5.71136388577154e-05 3.08829077908105e-05 1.37423656720952e-05 2.43493499285695e-05 2.152354379873e-05 1.17889716458488e-05 -8.64795338076078e-06 -9.60641527453331e-06 -6.48312447403015e-06 -1.99960078415486e-06 4.69836891445913e-06 7.55966627534254e-06 8.05805406286527e-06 2.60947768929403e-05 3.95794822397529e-06
"Immunityhybridboost_245-305" 0.000205210879736778 0.000243241532237942 0.000200728288361743 0.000194341739174985 0.000181995876139778 0.000198882703049362 0.000234617536874649 0.000252821512393979 0.000246324827092125 0.000235034622834215 0.000191804110014438 0.000175223423213333 0.00015898635861041 0.000178924189531294 0.000207743810271728 0.000190616962396887 0.000211571265624726 0.000240333176223877 0.000237973999527619 0.000229788945249827 0.000213181416138491 0.000196181967929308 0.00021323181683857 0.00108813821952582 0.000248680936268243 0.000243800637020717 0.000198199840146875 0.000179581292522845 0.000201793360158126 0.000222352103657077 0.000215493999457172 0.000217906754062447 0.000238909269658361 0.000236134736521276 0.000195363937881365 0.00016834426018172 0.000186354797427984 0.000198299803174058 0.000216907981528579 0.000210102982981448 0.000167247163694987 0.000177483078169706 0.000254647605631274 0.000239196577347674 0.00024471927086468 0.000256256115894328 0.000242113296299923 0.000150401884797491 6.03277554517683e-05 3.82828927860806e-05 1.95803491499002e-05 2.76949237727296e-05 2.47817543342678e-05 1.35522706834583e-05 -1.09163917823163e-05 -1.35526974608354e-05 -1.47036258043548e-05 -1.53288185258847e-05 -8.78978119575843e-06 -1.26825209074404e-05 -1.61232308027645e-05 -2.51291456968557e-06 4.42309606406766e-06
"Immunityhybridboost_306-366" 0.000212550853315432 0.000378336785764915 0.000184499089466349 0.000181297130251779 0.00016492188022949 0.000182132295032012 0.000228284374557015 0.00032614586116425 0.000453335642680143 0.000477233461987901 0.00018347651144519 0.000161268212646386 0.000139449452172922 0.000156928776765784 0.000189738346250987 0.00018360149374842 0.00019697506917113 0.000260883222043188 0.000342899408264121 0.000240070024208381 0.000227733139314669 0.00018340097983082 0.000196923677441529 0.000248680936268243 0.00313405077284216 0.000448173773504424 0.00020129750648764 0.000159928519848883 0.000179726929017511 0.000220786405781637 0.000238544591556285 0.000222450278205117 0.000267562377421179 0.000336761901703636 0.000202201994418436 0.000149043631685923 0.000164414980947034 0.000194572466907385 0.000251938531553742 0.000346506990696091 0.000157108657800222 0.000155528756288563 0.000400311567733368 0.000489397924312083 0.000256890776436601 0.000373039852748695 0.000483910455993569 0.000146685278817341 6.25600272730193e-05 4.35171773922869e-05 2.38370230510857e-05 2.8937346098093e-05 2.71920591436399e-05 1.42810326914502e-05 -1.18946713888186e-05 -1.54460897646193e-05 -1.92426527689643e-05 -2.23439341221991e-05 -1.5874045264381e-05 -3.12445540139436e-05 -4.17755091598555e-05 -3.41523412204456e-05 7.56011443829715e-06
"Immunityhybridboost_367-427" 0.000216447752488192 0.000479007197888254 0.000171185444404309 0.000172017794064357 0.000155268084295228 0.000175851184838738 0.000220438602380614 0.000375424495728376 0.000695428962815287 0.000894500965348114 0.000174999316495185 0.000153048287274028 0.000128334949041962 0.000143717513519564 0.000172381068894276 0.000177408373585917 0.00018636170755585 0.000263242459323552 0.000445639754401746 0.000243960812990607 0.000241065763994163 0.000178555881207172 0.00018593793832412 0.000243800637020717 0.000448173773504424 0.0364122820079314 0.000202888219362598 0.000149096302433818 0.000163253436216374 0.000210300219204094 0.000256785404404961 0.000228711532742451 0.00027777482712084 0.00043612200200156 0.000205845440673855 0.000138984078412662 0.000147803131430815 0.000184137955753306 0.000272232450403961 0.000481047483483111 0.000156604600640968 0.000142279695319674 0.000511743721954974 0.00089563901634263 0.000261257292848711 0.000464189301412911 0.000797833521294574 0.00014008921739474 6.09738827247879e-05 4.52154287245116e-05 2.61153833073396e-05 2.66441458553225e-05 2.78046436399322e-05 1.25996444350617e-05 -1.37641550494668e-05 -1.81759565600589e-05 -2.7087878852533e-05 -3.58109923324373e-05 -2.9198437226609e-05 -5.53999943476568e-05 -7.32715771036485e-05 -6.88614399882392e-05 1.41775819028126e-05
"Immunityhybridfull_062-122" 0.00020010488385098 0.000205138881950756 0.000217523384566447 0.00022387038658516 0.0002425986914719 0.000213038758202249 0.000190845457642641 0.000190673835643827 0.000194005855327337 0.000206772420365209 0.000214509029743404 0.000218598285584948 0.000223999998850726 0.00022141629190796 0.000209144670730767 0.000226696522749787 0.000206766322616457 0.000201620051077533 0.000201103743505253 0.000198764947641051 0.000216727718565194 0.000224802838201536 0.000206854373275407 0.000198199840146875 0.00020129750648764 0.000202888219362598 0.0478474092123965 0.00023505423227546 0.000213684980873726 0.000208087438734662 0.000216031306411401 0.000207886764626304 0.000205975223266893 0.000207734500255561 0.000224323632655527 0.000224365902460739 0.000200804301668218 0.000193467759899051 0.000191660306491432 0.000199743200133262 0.000226681532350296 0.000206272840491426 0.000190749455030482 0.000192625547971457 0.000179608237947806 0.000186758745799766 0.000189362710960221 0.000135467722277047 1.6047638466131e-05 -3.08577895930303e-06 -1.08430639098678e-05 -8.79514154832384e-06 -7.1069659638475e-06 -5.43253775337582e-06 -3.26421408022201e-06 3.69978215904048e-07 6.08865485367704e-06 1.6875595340552e-05 2.46915868829862e-05 2.60464613599286e-05 2.47899412814552e-05 3.93339306144464e-05 1.09563902847235e-05
"Immunityhybridfull_123-183" 0.000195543177379299 0.000159091789526765 0.000228391062697945 0.000239373917681493 0.00026644520981699 0.000230735232264227 0.000179166089805647 0.000150303825620002 0.000136204310142137 0.000153138028358324 0.000222579227704622 0.000235722436393659 0.000249967283588656 0.000245908684073671 0.00021369194677116 0.000243070972025147 0.000212393730767069 0.000179752227816817 0.000167022498944069 0.000187104513096055 0.000215368498963805 0.000241989945845549 0.000214350635475074 0.000179581292522845 0.000159928519848883 0.000149096302433818 0.00023505423227546 0.00436043907875889 0.000226645930124296 0.000202509989372364 0.000211215982377492 0.000205811030385179 0.000184097097960634 0.000176690226040998 0.000228435394581116 0.000250670808534658 0.000211990169382663 0.000191367726523495 0.000167884721414504 0.000164937166910933 0.000248976242851104 0.000225678217255747 0.000136451516382158 0.00013312133896617 0.000155145380121325 0.000135382374874683 0.000128679010118209 0.000147380182169945 1.54642165978999e-05 -2.8760922269755e-05 -2.5830976152505e-05 -7.13899855808128e-06 -3.21558915809646e-06 -3.38061364706017e-06 2.04055864253064e-06 7.76417354826337e-06 1.85537662261164e-05 3.09712661444735e-05 3.87080390646036e-05 4.36787392238228e-05 4.61209902519779e-05 6.15250851088411e-05 8.02360685256374e-06
