"Immunity_other" "Immunityb45_001-061" "Immunityb45_062-122" "Immunityboost_001-061" "Immunityboost_062-122" "Immunityboost_123-183" "Immunityboost_184-244" "Immunityboost_245-305" "Immunityboost_306-366" "Immunityboost_367-427" "Immunityboost_428-488" "Immunityboost_489-549" "Immunityfull_123-183" "Immunityfull_184-244" "Immunityfull_245-305" "Immunityfull_306-366" "Immunityfull_367-427" "Immunityfull_428-488" "Immunityfull_489-549" "Immunityhybridboost_001-061" "Immunityhybridboost_062-122" "Immunityhybridboost_123-183" "Immunityhybridboost_184-244" "Immunityhybridboost_245-305" "Immunityhybridboost_306-366" "Immunityhybridboost_367-427" "Immunityhybridboost_428-488" "Immunityhybridboost_489-549" "Immunityhybridfull_062-122" "Immunityhybridfull_123-183" "Immunityhybridfull_184-244" "Immunityhybridfull_245-305" "Immunityhybridfull_306-366" "Immunityhybridfull_367-427" "Immunityhybridfull_428-488" "Immunityhybridfull_489-549" "Immunityinf_062-122" "Immunityinf_123-183" "Immunityinf_184-244" "Immunityinf_245-305" "Immunityinf_306-366" "Immunityinf_367-427" "Immunityinf_428-488" "Immunityinf_489-549" "Immunitysecbnew_001-061" "Immunitysecbnew_062-122" "Immunitysecbnew_123-183" "Immunitysecboost_001-061" "Immunitysecboost_062-122" "Immunitysecboost_123-183" "Immunitysecboost_184-244" "AgeGr0-11" "AgeGr12-15" "AgeGr16-17" "AgeGr18-24" "AgeGr25-29" "AgeGr30-34" "AgeGr35-39" "AgeGr45-49" "AgeGr50-54" "AgeGr55-59" "AgeGr60-64" "AgeGr65-69" "AgeGr70-74" "AgeGr75-79" "AgeGr80+" "SexM"
"Immunity_other" 0.00490437509843144 0.000787986644437316 0.00103948483151058 0.000603220870041598 0.000668436268832484 0.000613569899719929 0.00053195493562214 0.00055886912057557 0.000656349275590875 0.000907071193473427 0.00111631055319164 0.00115804830078652 0.000572903533720242 0.000547098964011628 0.000602432721053625 0.000672603239191851 0.000664822162079756 0.000677466913729177 0.000744759970488125 0.000665136765849513 0.000806866410550001 0.000811656842955163 0.000656118197742336 0.000632291076689111 0.000783609097311757 0.00101225926979115 0.00113294765768323 0.00116422715458321 0.000758595317876128 0.000692709135709508 0.00062662420567671 0.000637564141479633 0.000740462631174255 0.000854054963562115 0.000895133292569344 0.000885357046131368 0.000753585458626275 0.000683469208079532 0.000627502082004766 0.000656239525099765 0.000794352548232066 0.000988496145960623 0.00104422581052539 0.000638321668191479 0.000765889113579011 0.00102324917000006 0.0011442271182441 0.000605236122739369 0.000780852097061876 0.00102068647351242 0.00113300772841581 0.000425822933810175 0.000123872385949244 6.43628712965938e-05 -4.648792490119e-05 -5.54591798430153e-05 -1.84881921672629e-05 -2.02714213898294e-06 1.14731179329334e-05 2.20937916038846e-05 5.94030849031427e-05 0.000109608510295082 0.000174920267342614 0.000162550388149978 0.000139526366105176 0.000182274750526532 3.38813855674125e-05
"Immunityb45_001-061" 0.000787986644437316 1.00118325325955 0.000832148598880715 0.000646102319735022 0.0007667076112415 0.000534707581285024 0.000439456046650784 0.000515280322221749 0.000851464211469546 0.00108730397413622 0.000670956056196451 0.000599225045861304 0.000466776082267277 0.000450557303024131 0.000583179545209938 0.000799443735291428 0.000598099683379908 0.00067435710786595 0.000914180080189326 0.000799532399126319 0.000929089258176718 0.000672231138931122 0.000560552947311327 0.000678037625133449 0.000946705605060962 0.000903789546895812 0.000651276924803869 0.000598092205613633 0.000860172346848601 0.00058155989409464 0.000524221505710944 0.000657393246074902 0.000831915718167348 0.000822251320354381 0.000745409166788362 0.000888312181296994 0.000863268225310642 0.000576852822189451 0.000531304682910513 0.000711147349063926 0.000860152404916925 0.000890888623578939 0.000633836117157409 0.000466122552579831 0.00119233011282975 0.0008526559908588 0.000619309419282276 0.000696857129140953 0.00108656528001947 0.00085728436325891 0.000629554589794672 0.000542044236177292 5.74258686924714e-05 -1.03620461352128e-07 -4.06430633724089e-05 -3.25634805934744e-05 -3.55847836414808e-05 -2.23065929092584e-05 -5.39710653474844e-06 4.88692849123233e-06 4.92583728752075e-06 -2.43533964788764e-05 -3.69798907818307e-05 -7.95439861433011e-05 -9.35897318132501e-05 -2.57032155653077e-05 -4.96085154509616e-06
"Immunityb45_062-122" 0.00103948483151058 0.000832148598880715 0.501597956589257 0.000412935239420389 0.000579983128194939 0.000491315716297376 0.000340798839930893 0.00036383265977795 0.000513119571697403 0.00123664334179536 0.0016435101277398 0.00146579412734828 0.000405883036109443 0.000334163578903282 0.000378596700281888 0.000535661195730137 0.00057344726862051 0.000544213216698418 0.000737522274330541 0.000568328382665485 0.000954568104931339 0.000961581079978219 0.000550537034224193 0.000475522857528697 0.000823879435484855 0.00142329001275397 0.00161430646788444 0.00146168443236463 0.000757899922261866 0.000629387066739393 0.000411843252992408 0.000432260720653824 0.000676437107803942 0.000957828425588006 0.00103679288244777 0.0010242618472305 0.000761452921941306 0.000628672804585009 0.000416897470164184 0.000455015134482241 0.000798555678266524 0.0012508107932042 0.00140767770139423 0.000477608861170258 0.000797844782301011 0.0015954073286067 0.00155780376703072 0.000438760715436179 0.00087564422796536 0.00152097616285651 0.00159637542165261 0.000491266511155697 6.54242941405907e-05 2.31020675358221e-05 -1.2499986183677e-05 -1.27527741509733e-05 -2.21346955047148e-05 -1.62246091226996e-05 -6.39676795956022e-06 1.72468039855055e-06 -8.09584801583427e-06 -4.90570650261006e-05 -6.66784294343213e-05 -0.000117730296470878 -0.000136436992430445 -7.26206813898227e-05 -6.51463452554274e-06
"Immunityboost_001-061" 0.000603220870041598 0.000646102319735022 0.000412935239420389 0.167555325508033 0.000796513281110594 0.000831516996120953 0.000886111281671802 0.000913134771942576 0.000840574646333944 0.000511963397230946 0.000369712108993003 0.000342724919511286 0.000835062831336232 0.00088949039726569 0.00091893752442814 0.000812434535579899 0.000820269206317971 0.000842905396157366 0.000726313009435022 0.000808753328672436 0.000640907723760434 0.000640495159944216 0.000826557177483661 0.000865065044064278 0.000699319435496828 0.000453696821086129 0.000369246536953486 0.000346699074541468 0.000723017576910722 0.000775784582334683 0.000893327594439526 0.000881946878930112 0.00077790346492365 0.000650771095858982 0.00063058371267454 0.000609329918732859 0.000711200269711599 0.000762976642943519 0.000867046599333795 0.000827881293037018 0.000690053069230002 0.000472157514212199 0.00043440863051501 0.000817156549200945 0.000658402474849049 0.000413636606764907 0.000353815830274538 0.000880138751655321 0.000650435797259499 0.000415944015193028 0.000354083847316762 0.000645548785844746 -1.35842923884059e-05 -0.000113768802306435 -0.000219326399690364 -0.000103319294991354 -6.84845899414084e-05 -2.25039354196519e-05 -5.37308280700438e-06 1.17944012767634e-05 4.41654251099652e-05 4.17112229364966e-05 4.18105428623365e-05 4.84915782615733e-05 3.24867176270018e-05 9.57618447095033e-05 4.0931406124806e-06
"Immunityboost_062-122" 0.000668436268832484 0.0007667076112415 0.000579983128194939 0.000796513281110594 0.200809444267448 0.000859493989979268 0.000889378496529945 0.000811886948899366 0.000766050387051725 0.00069419742441685 0.000488285763227517 0.000424104028827766 0.00084902547884943 0.000864788498687714 0.000819081804866844 0.000842149224039015 0.000824207248070519 0.000781427163736952 0.000768125146770576 0.000765844972613832 0.000717508263431378 0.000698041507224109 0.000785029263457104 0.000797917402787368 0.000742097532626011 0.000625183620822948 0.000487589376457807 0.000433361382103771 0.000771011386351729 0.000818742489842724 0.000852036847048408 0.000841658305076041 0.000797162031320569 0.000747551409568243 0.000686919904210972 0.000714592796236858 0.000757326612764231 0.000797408253810161 0.000808667935344137 0.000811328187652887 0.000746522817381449 0.000650164578227998 0.000575831227425283 0.000804866049699091 0.000763864824077752 0.000578385703374 0.000448997995170371 0.00076826171523962 0.000734736436342833 0.000570356282306298 0.000452793919922803 0.000783133253858506 -0.000118439669633304 -0.000285856232298832 -0.000314293834578551 -0.00015589168317854 -9.26498511111432e-05 -3.22980053760454e-05 1.18504962577416e-05 6.16072347824153e-05 0.000125172990441753 0.00014745112570535 0.000159781986021166 0.000173182382981661 0.000168205809736172 0.000256727818770091 -2.00081561378839e-06
"Immunityboost_123-183" 0.000613569899719929 0.000534707581285024 0.000491315716297376 0.000831516996120953 0.000859493989979268 0.0569166398130528 0.00140332630597587 0.00094503996559145 0.000629068195244614 0.000504866677177365 0.000469408265844074 0.000418979354533364 0.00132677628566115 0.00122669506497078 0.000876729592237841 0.000912430653991569 0.000994718620430167 0.000790937780612856 0.000662370411109858 0.000694067334517348 0.000613670022492526 0.000796260434597313 0.000944567341807504 0.00080890758394753 0.000598197010117304 0.000524905829514062 0.000486649837888706 0.000436928145088117 0.000741874840508214 0.00108814985423422 0.00105449052562138 0.000911799835831384 0.000746852226211429 0.000723762544979598 0.000661365085929819 0.000632491740742408 0.000721211079309897 0.00104194156656098 0.000940058500140231 0.000826471435958458 0.00064028730484627 0.000556017301828571 0.000644288642457545 0.00108068576230212 0.000520287577887351 0.000474127932709469 0.000448862303153338 0.000711241405157184 0.000520648765766492 0.000462766136048329 0.000442428324709178 0.000873455802376401 2.34009527387521e-05 -0.000275105027281564 -0.000209963837532955 -5.45400518765325e-05 -9.95138979254691e-06 1.04217682139158e-05 -8.65074842436031e-06 2.17432374099573e-05 0.000100089341116033 0.000162502414971278 0.000191557714396745 0.00023601446797637 0.000257672373682703 0.000391805052001064 1.15834949020397e-05
"Immunityboost_184-244" 0.00053195493562214 0.000439456046650784 0.000340798839930893 0.000886111281671802 0.000889378496529945 0.00140332630597587 0.00515531487642667 0.00109051974900568 0.000603018216629452 0.000383180187696138 0.000318528209568888 0.000268387341028076 0.00144927634142021 0.00141724020145271 0.00093946507018754 0.00092721803913902 0.00107902457668739 0.000807797876166526 0.000624168314142778 0.000702765632649133 0.000543723345373029 0.00079929751935384 0.0010335821272881 0.00086238867658027 0.000523093151181833 0.000383055059547394 0.000334779481105623 0.000285540295325071 0.000689633503701278 0.00116029712850503 0.00114093242312918 0.000967827905605837 0.000703402104161413 0.000654837667439134 0.000574032409442762 0.000535911312511135 0.00066830479133586 0.00112096209563179 0.00100665771901329 0.000841850070012176 0.000543612397340836 0.000395075767353875 0.000503732245889839 0.00120803258839507 0.00043474889442796 0.000330193331534176 0.000301947158123303 0.000749904647407575 0.00043221127483677 0.000320383860265596 0.000291586038757058 0.00070723882452747 0.000206731146368101 6.0555902817924e-05 -4.52176407583732e-06 8.46931302976728e-05 7.82595838928244e-05 5.61406273029139e-05 -4.63084986015536e-05 -5.88715064890279e-05 -3.60290368011644e-05 -1.86877281042309e-05 -3.82586636997617e-05 1.33691624862595e-05 6.39944831966589e-05 0.00023392905606868 -3.9594903221495e-07
"Immunityboost_245-305" 0.00055886912057557 0.000515280322221749 0.00036383265977795 0.000913134771942576 0.000811886948899366 0.00094503996559145 0.00109051974900568 0.00209760275246049 0.000764865050435653 0.00042681781873305 0.000341334923183689 0.000310352246687542 0.000980881859792326 0.00106147443894944 0.000965435854416775 0.000806298224129452 0.000906495889774494 0.000848850541968221 0.000674357021707899 0.000786012049302412 0.000581024123972278 0.000687021715308637 0.000914856425481547 0.00089675881046053 0.000612763568549541 0.000392418405259055 0.000342259895192708 0.000314958793964409 0.000672636646017542 0.000869082135473619 0.000981156428189147 0.000916498360596006 0.0007250467238119 0.000617886346202252 0.000590626170541193 0.000545214527245356 0.000657281099510052 0.000857631396861071 0.000931639084276171 0.000817670911522075 0.000599395460693602 0.000381675790832233 0.000407509103590251 0.000950554979614571 0.000528753442462949 0.000367556313562957 0.000330452632393933 0.000881673850855692 0.000537921465747383 0.000364402151707976 0.000326615946505086 0.000553346119014717 0.00014239468015136 5.04513351850265e-05 -5.79591907375997e-06 5.97146541514495e-05 5.61568315183551e-05 4.05383432948092e-05 -4.03987847646244e-05 -5.21675493194598e-05 -4.82020449502716e-05 -7.09383171689468e-05 -0.0001043906416324 -0.000112618294543817 -0.000113349594772493 1.63305231545562e-05 -1.27996923595722e-05
"Immunityboost_306-366" 0.000656349275590875 0.000851464211469546 0.000513119571697403 0.000840574646333944 0.000766050387051725 0.000629068195244614 0.000603018216629452 0.000764865050435653 0.00226199358443163 0.000677330950559923 0.000446798729418277 0.00041507701414911 0.000591396245786925 0.000634073751799397 0.000821885761933637 0.000781767316641133 0.000679093584008662 0.000814604821313759 0.000800522545631216 0.000856121143656089 0.000750096997468074 0.000601953465781419 0.000708188748597309 0.000825638922798786 0.000824173625235148 0.00056262933805374 0.000433904835284743 0.000411466449054994 0.00076886422879092 0.000609291812235211 0.000709423921664977 0.000791694777390045 0.000809482397062376 0.000663904737480137 0.000659021132700101 0.000679811625361781 0.000766524786384952 0.000607239265297437 0.000721514759860117 0.000781408158924501 0.000754907218380136 0.000553063538716696 0.000426231283591199 0.000605672733711887 0.000880170650754268 0.00052957895969389 0.000426508477643318 0.000892599031986348 0.000841168897941392 0.000537148191108634 0.000430746414805696 0.000491360422935773 0.000130505563212062 5.20545704868681e-05 1.07905103210137e-06 5.43444002873652e-05 5.20631603708128e-05 3.70351592363087e-05 -3.43744575349482e-05 -4.48413193098173e-05 -4.14073053292303e-05 -6.20929337269558e-05 -8.38651713704424e-05 -0.000134911136886991 -0.00018313933670817 -9.24349364291538e-05 -1.70281972000761e-05
"Immunityboost_367-427" 0.000907071193473427 0.00108730397413622 0.00123664334179536 0.000511963397230946 0.00069419742441685 0.000504866677177365 0.000383180187696138 0.00042681781873305 0.000677330950559923 0.00379357934755842 0.0010704141870838 0.000919199618401267 0.000422027247890948 0.000378116619389237 0.000456758248584047 0.000678828511746855 0.00058351855337116 0.000587648899789977 0.000863671089817077 0.00068958384162938 0.000987208302459118 0.000809939257969628 0.000530194740545226 0.000572205227101495 0.000913227473192573 0.00119656394950098 0.00103334254771725 0.000915698931789084 0.000836048470440957 0.000599411064611435 0.00043991893844548 0.000531410775949512 0.000765961060917327 0.00090768472329769 0.000855868447935577 0.000974578612445099 0.000840138208660035 0.000598713735935762 0.000443854901526315 0.000574104748214087 0.000848701789492626 0.00108735148190539 0.000949674497471312 0.000441614542660086 0.00107379505533351 0.00125889045743308 0.000970707403083801 0.000554974408297975 0.00105092328903234 0.00121045182825225 0.00100045998579545 0.000467933610491562 0.00016398996715712 9.2231027318447e-05 3.26713894218041e-05 7.12918504659292e-05 6.51443253127593e-05 4.43410768286455e-05 -3.78259884901155e-05 -5.2072493852315e-05 -5.5627414382728e-05 -8.47882495530601e-05 -0.000107300052146981 -0.000158074384453785 -0.000195459363215208 -0.000100932183247775 -6.63257679127683e-06
"Immunityboost_428-488" 0.00111631055319164 0.000670956056196451 0.0016435101277398 0.000369712108993003 0.000488285763227517 0.000469408265844074 0.000318528209568888 0.000341334923183689 0.000446798729418277 0.0010704141870838 0.00550484334671571 0.00228281868715221 0.000389392691374687 0.000302410446607545 0.000331191364794503 0.000434275574924648 0.000523717547855515 0.00053936439041542 0.000637106233854258 0.000517653995701887 0.000877241957518679 0.00106435194409659 0.000593991826971948 0.000424231282728356 0.000746239176480057 0.0014870708931755 0.00213420634175893 0.0022738954954775 0.000674248235706044 0.000621317889924685 0.000380470264589827 0.000362252238823881 0.000578617700118377 0.000939161415059466 0.00116104000579307 0.0010370611988954 0.000680666434943318 0.000624378186775812 0.00039311199055939 0.000365876395871513 0.000690674656109911 0.0013127417376851 0.00169548406511462 0.000534106512384014 0.000642606196541771 0.00161589398600618 0.00226090443694807 0.000399947164687154 0.000732192761032527 0.00163614451958999 0.00221690342397024 0.000360435109563114 0.000119905528396398 7.92921756494368e-05 3.38202291779467e-05 5.2124297311086e-05 4.94834123016739e-05 3.34893526676143e-05 -3.87591120484559e-05 -5.59533745714443e-05 -7.84735147197827e-05 -0.00014447467284494 -0.00017964328096602 -0.000252832914234412 -0.000298623107001891 -0.000212444136211015 -7.10618972679185e-06
"Immunityboost_489-549" 0.00115804830078652 0.000599225045861304 0.00146579412734828 0.000342724919511286 0.000424104028827766 0.000418979354533364 0.000268387341028076 0.000310352246687542 0.00041507701414911 0.000919199618401267 0.00228281868715221 0.0472272611216626 0.000359440462268057 0.000263335563121737 0.00028510762681615 0.000360353226317301 0.000441709473379362 0.000527708677295853 0.000567961922948432 0.000498083160575084 0.000791273835844531 0.0011076570476049 0.000614211153958305 0.000380688386157527 0.000674931874525385 0.00146129813754216 0.00247845742527464 0.00375485247292864 0.000615362606492626 0.000582554926616723 0.000340405772857279 0.000303881397691559 0.000489937213912124 0.000896870242578687 0.00118817484068046 0.00107524386970124 0.000631130517428517 0.000592879542649497 0.000363022115790045 0.000305358006518154 0.000589304055884405 0.00134225432457053 0.00178055889160293 0.000628087670628418 0.000581544847382271 0.00142155177343344 0.00301740959368318 0.000385802684162751 0.000652079231293453 0.00161554707615784 0.00279200664992389 0.000321136032167536 0.000105683162203458 7.14345926809606e-05 3.12919850332568e-05 4.04982928117199e-05 4.18648585945856e-05 2.8021064397348e-05 -2.27192461660575e-05 -3.44128994921651e-05 -4.14416300913138e-05 -6.48304066014908e-05 -6.96991887808095e-05 -0.000206670947917249 -0.000329050077841691 -0.000317557062090595 -2.7006385730231e-05
"Immunityfull_123-183" 0.000572903533720242 0.000466776082267277 0.000405883036109443 0.000835062831336232 0.00084902547884943 0.00132677628566115 0.00144927634142021 0.000980881859792326 0.000591396245786925 0.000422027247890948 0.000389392691374687 0.000359440462268057 0.144232711132495 0.00129785615574778 0.000886855858479188 0.000897603166836965 0.00100801936450388 0.000771602476354991 0.000623556661371895 0.000671980349402848 0.000554468088352982 0.000770308740228534 0.000951416616076373 0.000801418791976469 0.000534979327524842 0.000435161806492832 0.000404041955854055 0.000374072064888136 0.00069727398046506 0.00109683289501341 0.00107535745855382 0.000915413318421123 0.000703801053125225 0.000673089549553347 0.000601058161652342 0.000569682430113481 0.000683316068256908 0.00106662877301697 0.00098532952092435 0.000860271434093949 0.000625129210232747 0.000522681154945788 0.000620224015314177 0.00114252141647884 0.000453047095740763 0.00038787098173906 0.000376201504573803 0.000705083893748461 0.000456601521283157 0.000382170143935015 0.000369600893477328 -3.77896349823694e-05 -0.000796372843573334 -0.000375043983037486 -0.000395179283686546 -0.000336450217505799 -0.000238101051375552 -0.000105003098805731 3.76801394423245e-05 6.59778521773718e-05 0.000109995804569771 0.000141263527804696 0.000186655126621982 0.000218872337375552 0.000243488471592085 0.000328772278401077 3.46494824684735e-05
"Immunityfull_184-244" 0.000547098964011628 0.000450557303024131 0.000334163578903282 0.00088949039726569 0.000864788498687714 0.00122669506497078 0.00141724020145271 0.00106147443894944 0.000634073751799397 0.000378116619389237 0.000302410446607545 0.000263335563121737 0.00129785615574778 0.0257024883460552 0.000964514703254127 0.000904819134646186 0.00103869512854033 0.000822206248377445 0.000639420658541216 0.000711207083496709 0.000534216787890017 0.000744657890558625 0.000984468575964884 0.000866404530154525 0.000540623612457645 0.000377673453766865 0.000319228139893804 0.000280363669056276 0.00068817539191454 0.00108087230033585 0.00112637277397714 0.000977853912692719 0.000728830341731923 0.000669312006985782 0.000592432709628402 0.000553621284110869 0.000666115949474717 0.0010496173839399 0.00103002193221201 0.000890030462457749 0.00061478939529043 0.000450855157650583 0.000521948260390256 0.00115410928161079 0.000439519273976851 0.000316847971844098 0.000285073991088566 0.0007718453234709 0.000441854798919435 0.000310696375597071 0.000278067886684358 0.000476516924394858 -0.000593841862943943 -0.000434369925711293 -0.000403827419014775 -0.000274274836413573 -0.000190237599487474 -9.10659841184676e-05 2.87316225185819e-05 5.61161402752813e-05 0.000109927516778278 0.000146604776292895 0.000191086915351507 0.000239715335725672 0.000260497150576193 0.000372508274448459 1.60548335687562e-05
"Immunityfull_245-305" 0.000602432721053625 0.000583179545209938 0.000378596700281888 0.00091893752442814 0.000819081804866844 0.000876729592237841 0.00093946507018754 0.000965435854416775 0.000821885761933637 0.000456758248584047 0.000331191364794503 0.00028510762681615 0.000886855858479188 0.000964514703254127 0.0179535041898756 0.000859150992845639 0.000898471410295427 0.000895285627865186 0.000722319709687846 0.00079942284754021 0.000604090944752541 0.000642457744737874 0.000877596678680866 0.000908684042953981 0.000685704064485053 0.000437893720606875 0.000348918609920564 0.000303422080566042 0.000735815677480758 0.000846142499259497 0.00101155685511052 0.000969825891669158 0.000828693432018211 0.000705195338425438 0.000673558580170525 0.000629026380559256 0.000709987866190884 0.00082070251314897 0.000977363994330305 0.000914806861392094 0.000748328834884537 0.000515882156821066 0.000489028676777807 0.000908500285244857 0.000577282791682704 0.000361515198390249 0.000309560132550183 0.000881467317243718 0.000578052091327657 0.000357161825926748 0.000304046485444997 0.000798705835050504 -0.000445479653356076 -0.000409035393557154 -0.000475407701642552 -0.000293485388901107 -0.000193243872298952 -9.96397509602687e-05 3.47735088428518e-05 7.77487346108145e-05 0.000148812334512977 0.000209170939609817 0.000265517197264587 0.0003124233403616 0.000324722474146089 0.000442173786829271 -1.98701752358019e-06
"Immunityfull_306-366" 0.000672603239191851 0.000799443735291428 0.000535661195730137 0.000812434535579899 0.000842149224039015 0.000912430653991569 0.00092721803913902 0.000806298224129452 0.000781767316641133 0.000678828511746855 0.000434275574924648 0.000360353226317301 0.000897603166836965 0.000904819134646186 0.000859150992845639 0.017045920029441 0.000868705504095954 0.00081452958499822 0.000792658257304178 0.000771764327354192 0.000714583243555682 0.00068541802340433 0.000801621190183291 0.000819212052677728 0.000767633737747377 0.000616297090093047 0.000449555255400302 0.000381422532193249 0.000810154196181435 0.000868955308422278 0.000921858277940831 0.000907101646136292 0.000860714559889868 0.000798868301945027 0.000721120121584378 0.000751551903314093 0.000787375876710465 0.000833554471608236 0.000869296131460118 0.000894302440784229 0.00081922162807935 0.000706944224279186 0.00060828744406862 0.000850623147792108 0.000785133145752862 0.000519188401202699 0.00039303867315449 0.000759955053780025 0.000736100054613654 0.000513911792798812 0.000391247947531303 0.000921117031910851 -0.000650276551469884 -0.00073188852338369 -0.000743548015304378 -0.000425645930584834 -0.000254035753832092 -0.000133074117268441 5.89782666599463e-05 0.000112795079713293 0.000194619016071482 0.000266881678852838 0.000337490216765884 0.000389741892045421 0.000404590140577113 0.000529712140203671 -1.55654183941272e-06
"Immunityfull_367-427" 0.000664822162079756 0.000598099683379908 0.00057344726862051 0.000820269206317971 0.000824207248070519 0.000994718620430167 0.00107902457668739 0.000906495889774494 0.000679093584008662 0.00058351855337116 0.000523717547855515 0.000441709473379362 0.00100801936450388 0.00103869512854033 0.000898471410295427 0.000868705504095954 0.00920935339971545 0.00082020055368344 0.000713437237552264 0.000719891050986718 0.000644068780089545 0.000750416580540763 0.000883951528201998 0.000830223933365052 0.000666498353531598 0.000607830213546101 0.000542403112462253 0.000464754264707604 0.00074930725074034 0.000957085094490035 0.00100769401907676 0.000924203075432819 0.000801800499411107 0.000785530633927053 0.000731122786913329 0.000705235854215295 0.000721597750021327 0.000921235630302997 0.000935194112513454 0.000863902637345667 0.000738057591647056 0.000660328262797774 0.000684229160982706 0.000974682017117337 0.00057379865931901 0.000550058879789854 0.000483514073768211 0.00074022027273299 0.000577291061887726 0.00052958553639862 0.000481409083397728 0.00100369867104506 -8.30879392306614e-05 -0.000368866917120615 -0.000419094138937045 -0.000167237560203973 -9.87554307357135e-05 -4.91512382488929e-05 5.9300979183258e-05 0.000112691891098867 0.000198639295114595 0.000274003164628383 0.000341080187788875 0.000405737690066977 0.00043241153537382 0.00056933771603487 1.21341553232429e-05
"Immunityfull_428-488" 0.000677466913729177 0.00067435710786595 0.000544213216698418 0.000842905396157366 0.000781427163736952 0.000790937780612856 0.000807797876166526 0.000848850541968221 0.000814604821313759 0.000587648899789977 0.00053936439041542 0.000527708677295853 0.000771602476354991 0.000822206248377445 0.000895285627865186 0.00081452958499822 0.00082020055368344 0.0069853169707388 0.000745832987057907 0.000783977854403384 0.000673711646796012 0.000679667323082474 0.000814236121150065 0.000846301556260637 0.000740192400973689 0.000594081749795314 0.000560209985905822 0.000544036228940544 0.000754875664939843 0.000783715464114964 0.00088982255881132 0.000880976460320562 0.00082005348419911 0.000743473303853099 0.000739775299174415 0.000706521341115446 0.000733928931385428 0.000760688484823745 0.000863985917646345 0.000840419783289957 0.000762093048191714 0.000628565882905416 0.000610499565755204 0.000807410134944201 0.000668043076238477 0.000528009890196194 0.000539377716479699 0.000824818208331969 0.000662276743707016 0.000528928758633373 0.000526293490826022 0.000851674138388611 0.000137856383287238 -5.78626838425746e-05 -0.000135713732371374 9.80804823570954e-06 2.7085365627959e-05 2.67169377732157e-05 4.56198962377742e-06 2.23145908506026e-05 8.17620588285605e-05 0.000137431152913951 0.000182235233912928 0.000213778822765754 0.000225442977489321 0.000354239718090195 2.48307379081845e-05
"Immunityfull_489-549" 0.000744759970488125 0.000914180080189326 0.000737522274330541 0.000726313009435022 0.000768125146770576 0.000662370411109858 0.000624168314142778 0.000674357021707899 0.000800522545631216 0.000863671089817077 0.000637106233854258 0.000567961922948432 0.000623556661371895 0.000639420658541216 0.000722319709687846 0.000792658257304178 0.000713437237552264 0.000745832987057907 0.0092998114518153 0.000771925167854556 0.000804673688035373 0.000690359019931488 0.000681581563852791 0.000745634136051132 0.000831984763484674 0.000779852151079581 0.00063081668287657 0.000575079389932308 0.000804382371373563 0.000694224549255273 0.000704390050807992 0.000756303115400538 0.000814948903479712 0.0007941803371235 0.000748010277800192 0.000806197091193664 0.000795242245027856 0.000680452380618254 0.000691881685266308 0.000761419556102005 0.000808439372967204 0.000782509266902001 0.000653997736847535 0.000640408786775518 0.000909969349431275 0.000739116876257211 0.000590833900322425 0.000736492905915187 0.000865584276163452 0.000731487214936048 0.00059674874953124 0.000724831863315777 0.000129646593367449 -4.7631066780645e-05 -0.000105050352680854 1.56464871057165e-05 3.00066873515822e-05 2.67562286024734e-05 4.41377579980536e-06 1.57802115363125e-05 5.88992417381948e-05 9.74671570588609e-05 0.000130122271713841 0.000119209954045908 9.96938017735268e-05 0.000185528831921941 3.81055650582271e-05
"Immunityhybridboost_001-061" 0.000665136765849513 0.000799532399126319 0.000568328382665485 0.000808753328672436 0.000765844972613832 0.000694067334517348 0.000702765632649133 0.000786012049302412 0.000856121143656089 0.00068958384162938 0.000517653995701887 0.000498083160575084 0.000671980349402848 0.000711207083496709 0.00079942284754021 0.000771764327354192 0.000719891050986718 0.000783977854403384 0.000771925167854556 0.0917231001801244 0.000737450816668171 0.000657796799373791 0.00073719436047153 0.000803064563725753 0.000776894575885743 0.000605237029796608 0.000509043375994193 0.000494828054161931 0.000747610769094535 0.00067474443452363 0.000736748205864047 0.000781397433786479 0.00077231840267383 0.000681086838186047 0.000666586925032203 0.000684396715739037 0.000744429836570831 0.000671636307584398 0.000731212847760132 0.000755877782448091 0.000717121404782362 0.000582732020990661 0.000498400581851473 0.000675527712701781 0.000821719239868908 0.000583810810407623 0.000506830473986818 0.000840077845140942 0.000793085510116736 0.000588972922735661 0.000509327756449191 0.00048987887259914 0.000123722023237933 4.27147401083438e-05 -2.28816773808304e-06 4.19578992969213e-05 4.17853745688326e-05 3.09373752174064e-05 -3.27350973906528e-05 -4.74752776333615e-05 -5.19759928287198e-05 -8.09952170902199e-05 -9.81147067382491e-05 -0.000131316307735023 -0.000179840497318624 -9.39762544632987e-05 -4.65980734352616e-05
"Immunityhybridboost_062-122" 0.000806866410550001 0.000929089258176718 0.000954568104931339 0.000640907723760434 0.000717508263431378 0.000613670022492526 0.000543723345373029 0.000581024123972278 0.000750096997468074 0.000987208302459118 0.000877241957518679 0.000791273835844531 0.000554468088352982 0.000534216787890017 0.000604090944752541 0.000714583243555682 0.000644068780089545 0.000673711646796012 0.000804673688035373 0.000737450816668171 0.0463233129715718 0.000756802987132356 0.000630799019444666 0.000667270333749195 0.000842837453053302 0.000938656931577797 0.000856248060383442 0.000787080865806417 0.000789249056532668 0.000642139299249493 0.00057391874378964 0.000636368662770361 0.000760854863909944 0.000803479458995505 0.000787322049433523 0.000842597441250519 0.000790808350308947 0.000639075765178721 0.000571480185629156 0.000646894948770955 0.000780896830879596 0.000866000593512494 0.000790957945894846 0.000556331581684297 0.000933166553461971 0.000971760967414703 0.000827583085058592 0.00067639454078195 0.000916296095574172 0.000949447557767519 0.00084420143870824 0.000481450149661901 0.000134187400230336 4.63447457568815e-05 8.74487419285985e-06 4.44894635661279e-05 4.50422666108777e-05 3.36457745257198e-05 -3.09098760350997e-05 -4.39185285223232e-05 -4.95331287692857e-05 -7.91034594677596e-05 -9.53189376860089e-05 -0.000134477363664037 -0.000188224302733449 -9.87888356935977e-05 -4.69065289325219e-05
"Immunityhybridboost_123-183" 0.000811656842955163 0.000672231138931122 0.000961581079978219 0.000640495159944216 0.000698041507224109 0.000796260434597313 0.00079929751935384 0.000687021715308637 0.000601953465781419 0.000809939257969628 0.00106435194409659 0.0011076570476049 0.000770308740228534 0.000744657890558625 0.000642457744737874 0.00068541802340433 0.000750416580540763 0.000679667323082474 0.000690359019931488 0.000657796799373791 0.000756802987132356 0.0484826313409986 0.000753458313533432 0.000662948983282331 0.000700656209594589 0.000924180123891991 0.00107880058962346 0.00110880299740549 0.000713318749277759 0.00079791809042278 0.000708305379894571 0.000665920046099841 0.000682917853881479 0.000799250064977846 0.000833225058097765 0.000802037148734799 0.000707766505716567 0.000786679752426688 0.000671039931151701 0.000626565172121386 0.000674876089514273 0.000850707207234281 0.000972513289569998 0.000767064675563215 0.000662613396755009 0.000956535750998768 0.00110589365235274 0.000622449754749085 0.000688853103748648 0.000954791270133299 0.00109230039284749 0.000547889303530584 0.000172116091546242 6.65267558548391e-05 2.44907473914551e-05 5.87041268556857e-05 5.63570690895695e-05 4.10810009898791e-05 -3.63828629829592e-05 -4.7433533219459e-05 -4.63215310587381e-05 -5.60760780235716e-05 -4.98961273090378e-05 -7.08570317051605e-05 -0.000109790252428367 -4.83013960999112e-06 -3.93077424942051e-05
"Immunityhybridboost_184-244" 0.000656118197742336 0.000560552947311327 0.000550537034224193 0.000826557177483661 0.000785029263457104 0.000944567341807504 0.0010335821272881 0.000914856425481547 0.000708188748597309 0.000530194740545226 0.000593991826971948 0.000614211153958305 0.000951416616076373 0.000984468575964884 0.000877596678680866 0.000801621190183291 0.000883951528201998 0.000814236121150065 0.000681581563852791 0.00073719436047153 0.000630799019444666 0.000753458313533432 0.0294543728181242 0.000828374551256174 0.000651585200061429 0.000580411382641043 0.000619003594469491 0.00062741919927809 0.000707202197856313 0.000889566954055979 0.000940006927132157 0.00087085156039538 0.000746289128703266 0.000716071661479699 0.000713041986258339 0.000661131441963209 0.000688532298504278 0.000866988774776408 0.000884412179767767 0.000796058778739403 0.000661643249102091 0.00058135106184778 0.000651984026601556 0.000931333426302452 0.000556918742824866 0.000538076304764163 0.000617498494391024 0.000780142590109671 0.000567098170512503 0.000540977806702535 0.000601423688008372 0.000726612831439627 0.000291705645466742 0.000159549404206224 7.73721032570251e-05 0.000121693786788193 0.000110938327553415 7.64669433675074e-05 -5.44140408493003e-05 -5.63691894204687e-05 -3.4523091774301e-05 4.21811315351808e-06 6.34757717763369e-05 8.5696751602559e-05 8.24278170428583e-05 0.000215171778415058 -2.69410854257531e-05
"Immunityhybridboost_245-305" 0.000632291076689111 0.000678037625133449 0.000475522857528697 0.000865065044064278 0.000797917402787368 0.00080890758394753 0.00086238867658027 0.00089675881046053 0.000825638922798786 0.000572205227101495 0.000424231282728356 0.000380688386157527 0.000801418791976469 0.000866404530154525 0.000908684042953981 0.000819212052677728 0.000830223933365052 0.000846301556260637 0.000745634136051132 0.000803064563725753 0.000667270333749195 0.000662948983282331 0.000828374551256174 0.0265097757284887 0.000728491196398302 0.000529587996983745 0.000434078141877295 0.000393008893672843 0.000742416777253892 0.000784621605282402 0.000893974270905531 0.000888918516613944 0.0008032011779255 0.000701686675902761 0.000677128639993868 0.000661078830953861 0.000724888834881387 0.000767584702611769 0.000865861011092554 0.000836694818213093 0.000724166993440295 0.000543315705449832 0.000495187610480472 0.000818905793628188 0.000682888848173899 0.000472349471626989 0.000402810508336746 0.000854357370923867 0.000670233787096371 0.000468369350948162 0.000399155888146965 0.00070277581849902 0.000289579845473667 0.000176664137125045 8.97784635204047e-05 0.000131971689889617 0.000120228905659928 8.26432080267259e-05 -5.97888424990628e-05 -6.65191111596624e-05 -5.40183427798424e-05 -2.80869647324388e-05 3.86808327241683e-05 5.62019572021836e-05 5.95270732587086e-05 0.000182482246241343 -1.86098030709519e-05
"Immunityhybridboost_306-366" 0.000783609097311757 0.000946705605060962 0.000823879435484855 0.000699319435496828 0.000742097532626011 0.000598197010117304 0.000523093151181833 0.000612763568549541 0.000824173625235148 0.000913227473192573 0.000746239176480057 0.000674931874525385 0.000534979327524842 0.000540623612457645 0.000685704064485053 0.000767633737747377 0.000666498353531598 0.000740192400973689 0.000831984763484674 0.000776894575885743 0.000842837453053302 0.000700656209594589 0.000651585200061429 0.000728491196398302 0.0535061787492948 0.000857789148067454 0.000743733468185662 0.000682085938074427 0.000815974303123763 0.00064239797826102 0.000642248343592135 0.00071933291581663 0.000827194917243358 0.000814218647013311 0.00079633355934396 0.00084486741026655 0.000808672445135839 0.000630442584690207 0.00064336054928179 0.000736237986195037 0.00083615149669785 0.000838938963389611 0.000722856936685473 0.000574726235135748 0.000945873455571621 0.000827414461419276 0.000705393896705697 0.000729588937573136 0.000908116651188852 0.000816919789338507 0.000711287025566895 0.000659449611776718 0.000297789817532546 0.000197660399556112 0.000107641198259583 0.000134710172553683 0.000122649312361812 8.28481051388231e-05 -5.75783810025706e-05 -6.43821552953913e-05 -5.10614452674714e-05 -2.20711402015598e-05 4.77315791740781e-05 3.51777089940671e-05 1.68331749202395e-05 0.00011737151745724 -1.71351195673033e-05
"Immunityhybridboost_367-427" 0.00101225926979115 0.000903789546895812 0.00142329001275397 0.000453696821086129 0.000625183620822948 0.000524905829514062 0.000383055059547394 0.000392418405259055 0.00056262933805374 0.00119656394950098 0.0014870708931755 0.00146129813754216 0.000435161806492832 0.000377673453766865 0.000437893720606875 0.000616297090093047 0.000607830213546101 0.000594081749795314 0.000779852151079581 0.000605237029796608 0.000938656931577797 0.000924180123891991 0.000580411382641043 0.000529587996983745 0.000857789148067454 0.046807911271026 0.00149933625024362 0.00146996172250848 0.000798004259245968 0.000663928559687273 0.000485594765306236 0.000515936912293248 0.000740020636509409 0.000985687787024439 0.00103449127942027 0.00104797924130634 0.000792406843750715 0.000651462952103673 0.000481561160490535 0.00054539526428438 0.00084485234053988 0.00125019225806973 0.00132460905763362 0.000531122035350162 0.000866223034478988 0.00140990801979346 0.00148378027862866 0.0004664581016765 0.000893929356201418 0.0013790413427094 0.00148338327103576 0.00067492814638073 0.000362097173391479 0.000267086282682793 0.000156004124608757 0.000168957911887545 0.00015243976546327 0.000100952944282668 -6.33976323108e-05 -6.70525622453872e-05 -5.20019151184477e-05 -1.55974903125024e-05 7.10343905369093e-05 6.26008841428977e-05 4.66530397949051e-05 0.000148543023806609 -1.54142401627691e-05
"Immunityhybridboost_428-488" 0.00113294765768323 0.000651276924803869 0.00161430646788444 0.000369246536953486 0.000487589376457807 0.000486649837888706 0.000334779481105623 0.000342259895192708 0.000433904835284743 0.00103334254771725 0.00213420634175893 0.00247845742527464 0.000404041955854055 0.000319228139893804 0.000348918609920564 0.000449555255400302 0.000542403112462253 0.000560209985905822 0.00063081668287657 0.000509043375994193 0.000856248060383442 0.00107880058962346 0.000619003594469491 0.000434078141877295 0.000743733468185662 0.00149933625024362 0.0647143084125291 0.00248034672933885 0.000679759142645475 0.00065066057645485 0.000420363860668468 0.00039017558438369 0.000595737586612204 0.000970340325030082 0.00120433249322608 0.00106867210112569 0.000680526317839516 0.000646493856014979 0.000427823767463574 0.000393612760454693 0.000707004360410673 0.00135666951865843 0.00175629019965732 0.000583735931033619 0.000614280548940942 0.00157200147683802 0.00238489318208748 0.000385411918372602 0.000697200695155507 0.00161930622181977 0.00230850296176846 0.000461206397120773 0.000212508519882254 0.00016805965558265 0.00010073937627378 0.000103172487226646 9.79084630834862e-05 6.63095529069028e-05 -6.32171769051513e-05 -9.06502940277414e-05 -0.000125001216306244 -0.000170898187178195 -0.000114180906390995 -0.000150285403778391 -0.000172935128736987 -8.67373157031218e-05 -1.68069317583261e-05
