"Immunity_other" "Immunitybnew_001-061" "Immunitybnew_062-122" "Immunityboost_001-061" "Immunityboost_062-122" "Immunityboost_123-183" "Immunityboost_184-244" "Immunityboost_245-305" "Immunityboost_306-366" "Immunityboost_367-427" "Immunityboost_428-488" "Immunityboost_489-549" "Immunityfull_123-183" "Immunityfull_184-244" "Immunityfull_245-305" "Immunityfull_306-366" "Immunityfull_367-427" "Immunityfull_428-488" "Immunityfull_489-549" "Immunityhybridboost_001-061" "Immunityhybridboost_062-122" "Immunityhybridboost_123-183" "Immunityhybridboost_184-244" "Immunityhybridboost_245-305" "Immunityhybridboost_306-366" "Immunityhybridboost_367-427" "Immunityhybridboost_428-488" "Immunityhybridboost_489-549" "Immunityhybridfull_062-122" "Immunityhybridfull_123-183" "Immunityhybridfull_184-244" "Immunityhybridfull_245-305" "Immunityhybridfull_306-366" "Immunityhybridfull_367-427" "Immunityhybridfull_428-488" "Immunityhybridfull_489-549" "Immunityinf_123-183" "Immunityinf_184-244" "Immunityinf_245-305" "Immunityinf_306-366" "Immunityinf_367-427" "Immunityinf_428-488" "Immunityinf_489-549" "Immunitysecbnew_001-061" "Immunitysecbnew_062-122" "Immunitysecbnew_123-183" "Immunitysecbnew_184-244" "Immunitysecboost_001-061" "Immunitysecboost_062-122" "Immunitysecboost_123-183" "Immunitysecboost_184-244" "Immunitysecboost_245-305" "DCCI1" "DCCI2" "DCCI3" "DCCI4" "DCCI5" "DCCI6+" "DCCInodcci" "AgeGr0-11" "AgeGr12-15" "AgeGr16-17" "AgeGr18-24" "AgeGr25-29" "AgeGr30-34" "AgeGr35-39" "AgeGr45-49" "AgeGr50-54" "AgeGr55-59" "AgeGr60-64" "AgeGr65-69" "AgeGr70-74" "AgeGr75-79" "AgeGr80+" "SexM"
"Immunity_other" 0.00472255101770737 0.000748607425551765 0.00100604973588364 0.000578448764971772 0.0006446598682636 0.00059531110078955 0.000508992076804601 0.000524662648137763 0.000608930315122707 0.000854537411837219 0.00109153530819518 0.00125709526995323 0.000609722905574622 0.000544268704885327 0.000597667517133553 0.000667338767764511 0.000648869092084573 0.000668170056758805 0.000732612851427401 0.000616685161532158 0.000760061325964621 0.00080631144796721 0.00067568657646298 0.000615923285608826 0.000736417717600229 0.000982976107301524 0.00114635444213549 0.00135326928797532 0.000725657768379249 0.000672432666538938 0.000605201773797027 0.000600667628076941 0.000688793317557158 0.000815590060150277 0.000897950639212686 0.00094759550982266 0.000745998505954384 0.000692313653921017 0.000704301415099634 0.000826778985191906 0.00104744953729173 0.00115427060292032 0.000843234029495428 0.000705955017739881 0.000968654341159972 0.00113353878931575 0.00153267690732696 0.000554408661749961 0.000717488337513861 0.000973809578099487 0.00113328979880462 0.00145142792414916 -2.42807045174627e-05 -2.48676146445367e-05 -1.58648266830709e-05 -2.60920232178689e-06 2.60491506279151e-05 9.13757053420345e-05 -0.000863180679661395 0.000259918693315172 0.000120481336418664 5.12442687904578e-05 7.23274931794679e-05 1.44688399010036e-05 1.13592678011804e-05 1.26790911060353e-05 -2.40489179808458e-06 1.01398206947232e-05 2.01386895289156e-05 4.98551208693573e-05 9.99895032532298e-05 0.000103231106725746 9.78086955849344e-05 0.00014701209757673 4.96421764620273e-05
"Immunitybnew_001-061" 0.000748607425551765 1.00122001607107 0.000810589386720063 0.000663997353512257 0.000788234621495343 0.00054744032284625 0.000453332235100752 0.000526998135284285 0.00088186022975803 0.00109133621394255 0.000610496191711538 0.000496094788385761 0.000496689191721579 0.000471562682930031 0.000612979114559436 0.00083318526215896 0.000617948666437327 0.000688988892000595 0.000936756033096481 0.000804458027252205 0.0009269259887719 0.000647848539685841 0.00055410572565494 0.000673333063792264 0.000959110433784011 0.000867521606544299 0.000576412913051998 0.000489340711659511 0.000865678796980142 0.000587284978718971 0.000538784284884892 0.000666156790927628 0.00084514034968905 0.000821265323889019 0.000716450069015728 0.000808753761412544 0.000604401088615538 0.00056282054498541 0.000744408443254877 0.000898428360504478 0.000879616374671273 0.000602666131157362 0.000493595514465341 0.00121982585085603 0.000828609041753649 0.000542915980683783 0.000469140924590258 0.000700707328823484 0.00110208248402516 0.000812681293957663 0.000544781883473835 0.000469220320072581 -3.26034165593778e-05 -4.44696981997025e-05 -4.42515366419953e-05 -2.03749068182339e-05 1.3790426587537e-06 8.13757813174476e-05 -0.000345641170329701 0.000508953243232838 0.000110225524102953 2.19815689571317e-05 -1.53259343308901e-05 -2.19951011549697e-05 -1.13919217071163e-05 -2.67607099429294e-05 -1.39120637635883e-06 4.11127791175329e-06 -1.88199982626824e-05 -4.58348835619033e-05 -6.83054517411728e-05 -8.70505054865033e-05 -6.76959443470307e-05 4.5931899993274e-06 1.23912232943936e-05
"Immunitybnew_062-122" 0.00100604973588364 0.000810589386720063 0.501528359672585 0.000401317335542366 0.000566714166796915 0.000481321327750476 0.000336669740602028 0.000350194205536372 0.000495437648771709 0.00121050576492824 0.00146690737852579 0.00108551325151722 0.000422712487521507 0.000336252658546801 0.000383238892940965 0.000536960625817149 0.000562945582359838 0.000547207542204952 0.00073293244299035 0.000540102250789115 0.000920444510613188 0.000935323920920038 0.000566884333271151 0.00046823062552661 0.000780716549463287 0.00134145284097461 0.00136656571263343 0.00103149861787515 0.00073992250406741 0.000623082275066742 0.000418861259388862 0.000426386307321775 0.000646599943131078 0.000917387530465191 0.000991888609562435 0.000988411814202067 0.000640719123988554 0.000442776400772086 0.000472038797209312 0.000793741576954735 0.00121090114284334 0.00128605770536087 0.000595578938499027 0.000766449918391702 0.00152157316527582 0.00130385247775219 0.000892841531515777 0.000410114564388447 0.000834518586201884 0.00142406028853433 0.00132060925938756 0.000929600764281711 -3.0456424754605e-05 -4.86269410269915e-05 -4.56547381838242e-05 -2.38899810773374e-05 -4.62360941878574e-06 7.98049669256907e-05 -0.00034951265721599 0.00045575391421935 0.000108761919833199 5.55473053594523e-05 2.65156140847791e-05 2.7067107690542e-06 5.42449052711154e-06 -1.9107301391953e-05 -4.52144685813384e-06 1.44892120693719e-08 -3.31250929470316e-05 -6.87282669381097e-05 -9.65657504436327e-05 -0.000120237224041371 -0.000103428046691724 -3.0524857042909e-05 1.06377432960057e-05
"Immunityboost_001-061" 0.000578448764971772 0.000663997353512257 0.000401317335542366 0.167595812424355 0.000837072868657239 0.000875095751581489 0.000934542660801928 0.000952869541188067 0.000859679087549444 0.000505325209487002 0.000340595943937583 0.000300623992616376 0.00088864316961204 0.000941893354618056 0.000973610188929707 0.000867077379700556 0.000869028433847881 0.000866919061690713 0.000732790734430357 0.000822252706998658 0.000636095316436981 0.000613264723572366 0.000809467098517426 0.000882799063253083 0.000714599761836459 0.000435603542558619 0.000339187939147322 0.000310098051501245 0.000731883906584063 0.000794161878005575 0.000921789992255985 0.000918674051337129 0.0008131569229788 0.000662239937674645 0.000611104692772737 0.000553361585364027 0.000806811659501335 0.000913112537947622 0.000881317319429654 0.000737094674972248 0.000480803577660397 0.000421713389379544 0.000762337838797075 0.000668947637323638 0.000394160141357243 0.000314772815066391 0.000306590754986698 0.000905735453687836 0.000655883769561162 0.000387306167669105 0.000309867214353208 0.000297700199178841 -3.09867876672779e-05 -2.46899093388716e-05 -2.89420667278651e-05 -1.03412804359493e-05 -6.33618779009676e-06 7.02637574442203e-05 -0.000367880121553987 0.000618467459976626 7.65790920059799e-05 -0.000108674999579333 -0.000210012772833692 -8.70700925469173e-05 -4.42922210711782e-05 -6.88845282053406e-06 -4.36433153919021e-07 2.28409146217725e-05 3.53820806543448e-05 2.78785615070546e-05 1.53038768086472e-05 3.80847147958334e-05 5.23667579447089e-05 0.000134692678890416 2.34050122439813e-05
"Immunityboost_062-122" 0.0006446598682636 0.000788234621495343 0.000566714166796915 0.000837072868657239 0.200852293318698 0.000909673143439325 0.000945206148754534 0.000849037957426283 0.000787492789143233 0.000690109256429462 0.000448905167000193 0.000361937499511154 0.000913214331517189 0.000923280393044448 0.000874864259463334 0.000898383913460177 0.000873486203652314 0.000805256136141036 0.000778321843661305 0.000777633814914708 0.000713370300933817 0.000673279942032926 0.000779224153484696 0.000813009910034775 0.000752010081955166 0.000598952735322354 0.000441988793535509 0.000373567936179887 0.000781423870851145 0.000840785520723366 0.000885013003873174 0.000876468308066935 0.00082343689148517 0.000754491898892121 0.000666344532372147 0.000650627561714511 0.000849360783409503 0.000861509305805503 0.000865912720844925 0.000790816544927384 0.000652057580701211 0.000554219523228919 0.000776731773845454 0.000776171381606261 0.000557950849152245 0.00039565444441506 0.000354418265996423 0.000790496758507608 0.000740019351681902 0.000535766945347843 0.000391331194614632 0.000346253808436548 -2.29469799788012e-05 -2.10152434977395e-05 -1.98922747645224e-05 1.3795586156586e-06 2.51826112016163e-05 9.27224993217265e-05 -0.000395479851386502 0.000768728453695011 1.40700731528854e-05 -0.000317739221875824 -0.000306756301930927 -0.000126663449465531 -6.2175640167119e-05 -1.17793212979324e-05 1.74936840868865e-05 7.34280490868314e-05 0.000120511821404584 0.000137288826734273 0.000135632887661691 0.000165482056856488 0.000190953396221334 0.000293214324410904 1.54955081412976e-05
"Immunityboost_123-183" 0.00059531110078955 0.00054744032284625 0.000481321327750476 0.000875095751581489 0.000909673143439325 0.06025804693435 0.00148022964760995 0.0009831360982927 0.000642571362657316 0.000498864689565904 0.000441060203487563 0.000360094847414382 0.00139440290135905 0.00129707626718256 0.00093253150992914 0.00097233562533931 0.00105280495650419 0.000809966652216243 0.000662597140037916 0.000705424570116869 0.000608923074872181 0.000770225488396451 0.000943471081468514 0.000828700197784832 0.000601982040790239 0.000504210237042688 0.000450618825366436 0.000377314552132701 0.000754207541728953 0.00111348393976628 0.0010970553214893 0.000955887214580868 0.000773121622097065 0.000732832124187441 0.000645149604572102 0.000586871824931176 0.0010889107495052 0.000985030979524524 0.00087272430528362 0.000667277633244205 0.000551222253485817 0.000602222535835563 0.000999327930359524 0.000527432638744123 0.000458283358194443 0.000401102678887023 0.000343017437322858 0.00073708523671533 0.000521678715783411 0.000437497589366407 0.000387442098531656 0.000333482792373638 -1.52123094454836e-05 -1.19478570120634e-05 -2.57583417382783e-06 1.8818758375034e-05 4.91788452456364e-05 0.000115235447217343 -0.000259194723818202 0.000840050061038174 0.000193989141924727 -0.00024516408442695 -0.000191291895017165 -2.43811973487914e-05 2.64225941965109e-05 3.09215436770795e-05 -1.10412480634375e-05 1.98342242914167e-05 7.39197884090072e-05 0.000129054753904089 0.000149825573901987 0.000204276678767978 0.000255677184283403 0.000392502175805576 2.51345415655336e-05
"Immunityboost_184-244" 0.000508992076804601 0.000453332235100752 0.000336669740602028 0.000934542660801928 0.000945206148754534 0.00148022964760995 0.00525705293522064 0.00113521473222196 0.000619589537338849 0.00038120023749346 0.000307806709563872 0.000259855080228403 0.00151105581039115 0.00149299771644742 0.000998098826552923 0.000989943196025004 0.00114744233713585 0.000828099017930899 0.000620953790410713 0.000719361404951437 0.000543284738736334 0.000770135259431542 0.00102903507432655 0.000888032112791174 0.000532047497622391 0.000370917861773739 0.000320912042275796 0.000281379444511291 0.000705797827899171 0.00118851716917911 0.00118913526431923 0.00102546427763725 0.000740158833815239 0.000674162401844733 0.000561906351730581 0.000494315056356441 0.00115586836636763 0.00104133766376442 0.000883479262942808 0.00056426781625527 0.00038661305823554 0.000458002661915114 0.00107019077570097 0.000447877068948567 0.000324071558942259 0.00028300229235402 0.000275734947448352 0.000785205772042928 0.000439616757673086 0.000306574790777031 0.000266065649761042 0.000257487613142783 -2.46026631951906e-05 -2.27705399464459e-05 -3.25962032403166e-06 2.15676292276311e-05 5.20639779515895e-05 0.000126182495615789 -0.000101993602852855 0.000658449573308496 0.000304515814117878 9.66819936650991e-05 1.20924401160404e-05 9.83321948742466e-05 0.000103533613459744 6.78655339105332e-05 -5.26844796755211e-05 -6.66790386000137e-05 -6.55169362078161e-05 -5.36259673676428e-05 -7.92853234300953e-05 -2.94264845401102e-05 5.33903478106224e-05 0.000219464070758119 1.01759657480182e-05
"Immunityboost_245-305" 0.000524662648137763 0.000526998135284285 0.000350194205536372 0.000952869541188067 0.000849037957426283 0.0009831360982927 0.00113521473222196 0.0021332486429542 0.000785890265235424 0.000421862354641241 0.000318226940718637 0.000283170849771695 0.00101147997525953 0.00110506113649398 0.00101614824910208 0.000851873971005386 0.000952621377928248 0.000871579281840235 0.000674068243818606 0.000801213407340339 0.000575989509193922 0.000652762903537683 0.000892354423602154 0.00091885065790585 0.00062622183727511 0.000375076727107993 0.000314132670685454 0.000289096194967658 0.000680354635699802 0.000880138674812836 0.00100768023985473 0.000960406455541075 0.000762539510594388 0.000630437137675598 0.000571933812607646 0.000495730197545443 0.000870250086783482 0.000952496536769864 0.000851504178130814 0.000623889488416682 0.000369641914332818 0.000367283277004743 0.000837758059187134 0.000540851180048756 0.000352647673125171 0.000300082594664178 0.000296293757152675 0.000916291474910263 0.00054562088073108 0.00034192895293925 0.000290608071300499 0.000283978108191805 -2.81403303901304e-05 -3.05852252702264e-05 -1.35692110680749e-05 1.10332634970178e-05 4.11197927669468e-05 0.000117241858271824 -9.77418109128632e-05 0.000506086162900222 0.000223804427805084 7.61461271448283e-05 8.16568326052565e-06 7.07180577598379e-05 7.59579488008037e-05 4.93261719041531e-05 -4.56212953794759e-05 -6.04057645941856e-05 -7.30434827678165e-05 -9.77899436886848e-05 -0.000143110490242395 -0.000145280655381391 -0.000119230253381873 9.86327058928269e-06 -1.27522848403008e-07
"Immunityboost_306-366" 0.000608930315122707 0.00088186022975803 0.000495437648771709 0.000859679087549444 0.000787492789143233 0.000642571362657316 0.000619589537338849 0.000785890265235424 0.00228986717824244 0.000682135168364247 0.000409464001866568 0.000359898321350984 0.000605341647431962 0.000652086946451883 0.000847198218756806 0.000813875849491665 0.000700023855966454 0.000826377162617064 0.00081409392251847 0.000864433941295026 0.000747338166356584 0.000571640806680083 0.000678969096946124 0.00082540387955799 0.00084384721912383 0.000540723900553453 0.000386987384650564 0.000353067869237687 0.000772006212090671 0.000610407201486679 0.000715734171853392 0.000805276565979535 0.000837567518590361 0.000668308509982809 0.000629216373036787 0.000614585740199673 0.000609278755380327 0.000723782851664893 0.00079840103463131 0.000780138524146462 0.000536731885455427 0.000388661155231504 0.000553679595733741 0.000910722586696147 0.000512603473615979 0.000379757120686423 0.000359550339803522 0.00090773156626273 0.000861746181853957 0.000508978364996913 0.000378320523174163 0.000354277530829866 -2.84334533884833e-05 -3.33262151182087e-05 -1.77900220577481e-05 7.16635808653489e-06 3.62606334236315e-05 0.000114139389206649 -0.000108197061185467 0.000444772585369728 0.000205267137223119 7.53683466065468e-05 1.74237167352661e-05 6.60509298095142e-05 7.01073633215891e-05 4.51040923791806e-05 -4.01656760041982e-05 -5.37358296013721e-05 -6.56209733636539e-05 -8.83462598976999e-05 -0.000122792096915209 -0.000159726252478469 -0.000189364328567955 -9.82721020489777e-05 -3.11108777926936e-06
"Immunityboost_367-427" 0.000854537411837219 0.00109133621394255 0.00121050576492824 0.000505325209487002 0.000690109256429462 0.000498864689565904 0.00038120023749346 0.000421862354641241 0.000682135168364247 0.00376939873475572 0.000972472193571981 0.000714457958240465 0.000426988042122839 0.000378148380614325 0.000459955845711351 0.000680537473748793 0.000580730353642182 0.000587649348072955 0.000869394830525346 0.000673839215875454 0.000974218856152917 0.000784572374733875 0.000526939219510809 0.000556144675678392 0.000895495967400167 0.00114600872220701 0.000889764947438194 0.000683391554882535 0.000825925333897861 0.00059355487931226 0.00044090001150646 0.000523435788332311 0.000750504744917935 0.000887369738206094 0.00081636088446604 0.00089738361203544 0.000594984399816779 0.000444391066508346 0.000571046817747046 0.000846178557021963 0.00104373533434187 0.000863102395890613 0.000480385804064393 0.00107319783837875 0.00123796569807334 0.00083403675500145 0.000623286777831134 0.000539776848614061 0.00104416205242721 0.00115826582889479 0.000848653474148586 0.000635874632142815 -2.87103902843375e-05 -3.27662689132709e-05 -1.60482467915825e-05 9.07887543051598e-06 3.94279489116841e-05 0.000117964958256376 -0.000131301598694709 0.000421315571706069 0.00022955751832168 0.000116951750572008 5.87792816283319e-05 8.88249846228262e-05 8.590638265344e-05 5.41666382781021e-05 -4.59138207670981e-05 -6.37684781776996e-05 -8.18689129675251e-05 -0.000109855059729857 -0.000145973403817443 -0.000179279742985768 -0.000201694266116647 -0.000107685023117587 6.34705637352953e-06
"Immunityboost_428-488" 0.00109153530819518 0.000610496191711538 0.00146690737852579 0.000340595943937583 0.000448905167000193 0.000441060203487563 0.000307806709563872 0.000318226940718637 0.000409464001866568 0.000972472193571981 0.00458650176113488 0.00171557471936163 0.000385875476007804 0.000293513143515952 0.000320777869907437 0.000413245846361662 0.000488368231738391 0.000537391808892425 0.000616647209885846 0.000471118501276812 0.000798188231335745 0.00102484733927743 0.00063254156150034 0.000424074168530393 0.00066873336074395 0.0013513133116479 0.00182268368903257 0.00160933661596922 0.000635459477081137 0.000598695908306319 0.000388764538201056 0.000353582440167634 0.000526929136747666 0.000865313596424626 0.00110401851872784 0.00108373890491789 0.000600937259869172 0.000403024589547641 0.000366112151388715 0.000636097047374358 0.00123057473373993 0.00153614641937484 0.000733125228468021 0.000577995450702352 0.00143256062664412 0.00190514260202679 0.00136212873210373 0.000356405356672198 0.000647746568826856 0.0014629176222679 0.00185771111469357 0.00146690327065476 -3.07752310520135e-05 -3.53091267265699e-05 -1.83116634796524e-05 6.45936499972308e-06 3.82026423865616e-05 0.000117439962096211 -0.000160343571076146 0.000338123902147039 0.000200541462682944 0.000129459797857354 8.30773174332757e-05 8.96276402111198e-05 8.17874229689605e-05 5.07073972087908e-05 -5.04481243721008e-05 -7.43794611094699e-05 -0.000106428226396571 -0.000159632570890203 -0.000211013788275435 -0.000249443607720527 -0.000269308797640379 -0.00017442878807065 7.65126743169159e-06
"Immunityboost_489-549" 0.00125709526995323 0.000496094788385761 0.00108551325151722 0.000300623992616376 0.000361937499511154 0.000360094847414382 0.000259855080228403 0.000283170849771695 0.000359898321350984 0.000714457958240465 0.00171557471936163 0.0131831639474126 0.00034027896413026 0.000253993501429576 0.000271272936975614 0.000328233125938859 0.000378380347078813 0.000498675096796555 0.000570717832703497 0.000425731271455473 0.000646653530439585 0.000960482963699567 0.000714946952009927 0.000443149982321803 0.000552394254156042 0.00117478426551405 0.00208515158701841 0.003472340109496 0.00055048981053504 0.000508101336032532 0.000353084810237184 0.000305850186245092 0.000407398268355536 0.000723544843216439 0.00108700818966771 0.00136688502449774 0.000519407085402574 0.00037928583109366 0.000325675251113273 0.00048241186035582 0.00109967183362217 0.00167505494294132 0.00108953160422572 0.000474781869761031 0.0010405602303392 0.00229531224648277 0.00422353693239908 0.000324916132434631 0.000515380489160159 0.00120011030288079 0.00227567072399393 0.00396490866764833 -3.16605139694138e-05 -3.99175588954498e-05 -2.54704122423271e-05 -1.61078515361701e-06 2.91720111453964e-05 0.000109339834452687 -0.000203418781769352 0.000270475570275846 0.000158877310255335 0.000103366345117776 7.34775045100372e-05 6.86135879167606e-05 6.35212673954869e-05 3.94083846023418e-05 -3.72014260507433e-05 -5.63621798832649e-05 -8.32960282911546e-05 -0.000129822616397359 -0.0001684689589407 -0.000243132018392227 -0.000322337885648565 -0.00026867308708672 2.33041036411301e-06
"Immunityfull_123-183" 0.000609722905574622 0.000496689191721579 0.000422712487521507 0.00088864316961204 0.000913214331517189 0.00139440290135905 0.00151105581039115 0.00101147997525953 0.000605341647431962 0.000426988042122839 0.000385875476007804 0.00034027896413026 0.144333417013424 0.00137775825799651 0.000965403605938129 0.000985203618691947 0.0010823618050686 0.000803178491162002 0.000635964679023245 0.000684135047438434 0.000556409693892506 0.000747423724708905 0.000948611621552878 0.000824186958751099 0.000548818653332443 0.00043666168490178 0.000401253150866662 0.000358680448612484 0.000715845534359956 0.00112070742036038 0.00111686250794509 0.000963010975016896 0.000738149111307595 0.000695978810343579 0.000602612689757601 0.000543955288111333 0.00118871174466163 0.00112119179130279 0.0009980071649774 0.000747228193997523 0.000627342341451696 0.000687585042834843 0.00112367455028181 0.000463991838486036 0.000386507174449507 0.000358973342522717 0.000332694438725195 0.00072895046881239 0.00046273392177621 0.00037396318097809 0.0003474062023651 0.000324023730807102 -2.12937391554699e-05 -7.11470233653526e-06 -1.34951786528383e-07 6.07351426419054e-06 3.1037475440859e-05 0.000104318095048758 -0.000824447673630522 -0.000241254204134762 -0.00124408569614602 -0.000443321286752082 -0.000405150434347478 -0.000325774942139134 -0.000246029404256616 -0.000124904850760115 6.40635328423558e-05 8.88042787974492e-05 0.000109347013573672 0.000130227390153498 0.000169994451213132 0.000209165612676867 0.000262552491849656 0.000356000737283748 4.63244357251944e-05
"Immunityfull_184-244" 0.000544268704885327 0.000471562682930031 0.000336252658546801 0.000941893354618056 0.000923280393044448 0.00129707626718256 0.00149299771644742 0.00110506113649398 0.000652086946451883 0.000378148380614325 0.000293513143515952 0.000253993501429576 0.00137775825799651 0.0263898695448201 0.0010345559267486 0.000977840750065988 0.00110805574942068 0.000849055234961768 0.000643442655367577 0.00072686972134884 0.000533390707015622 0.000715394308067765 0.000974624790767554 0.000891383085974502 0.000552886426614547 0.000368500280110779 0.000310858473983434 0.000277426771566488 0.000704397641786905 0.00110688122296005 0.00116811689837139 0.00103052652907703 0.000765330320822117 0.000687744935542283 0.000583503343411068 0.000510200907998119 0.00111948612963536 0.00110568885570407 0.00097194861507232 0.000678422336381794 0.000485301034372904 0.000525719954898816 0.00106688702487204 0.000452093709215829 0.000309821409785852 0.000266222920432635 0.000266433750653176 0.000805195981722384 0.000449030502145045 0.000295928753206796 0.000253404135210008 0.000250199967179403 1.59328947686297e-06 1.01146545333166e-05 2.80285434302881e-05 4.87179713941818e-05 6.93277939396112e-05 0.000143925844796632 -0.000372074264208228 0.000383533715337517 -0.000639555665749568 -0.000504086700203303 -0.000434398575030895 -0.000263804215013995 -0.000187692923839431 -9.07974670836196e-05 4.62307442716805e-05 7.51361042449671e-05 0.00010845052794984 0.000132523817545031 0.000169179880068401 0.000218558217237502 0.00026687372039348 0.000379951488904442 2.6594549068788e-05
"Immunityfull_245-305" 0.000597667517133553 0.000612979114559436 0.000383238892940965 0.000973610188929707 0.000874864259463334 0.00093253150992914 0.000998098826552923 0.00101614824910208 0.000847198218756806 0.000459955845711351 0.000320777869907437 0.000271272936975614 0.000965403605938129 0.0010345559267486 0.0186199975747315 0.000930688225320329 0.000958979030088479 0.000927210748192288 0.000736962177579947 0.00081861519827059 0.000605103070871531 0.000620692981383496 0.000861153462989207 0.000930705105504403 0.000704146999415515 0.000427346905865284 0.000338011409554688 0.000296515882550551 0.000751631275666679 0.000871734746240221 0.00104357951713908 0.00101104398131845 0.000866733913811466 0.00072026707387876 0.000660657142352908 0.000576641116442735 0.000891792384334957 0.00104771462542479 0.000991493585932239 0.000816675262807814 0.000547190438078482 0.000502959656817333 0.000869883538027967 0.000597213119927748 0.00035543864671984 0.000287011633375907 0.000282925087315882 0.000917857087470816 0.000592271164278028 0.000341821274646946 0.000275214644187675 0.000266848901632209 9.59626852213855e-06 1.59534678565336e-05 3.57203256427572e-05 5.93401652916826e-05 8.523662372098e-05 0.000155312549772934 -0.00046973009417706 0.00077428895914096 -0.000256728830824926 -0.000475231904422512 -0.000548680692406193 -0.000299039053816253 -0.000191380347271451 -0.000101992438893471 4.97933443952934e-05 9.46004414992465e-05 0.000146825490066662 0.000191266237856371 0.000239304193941789 0.000285229978914632 0.000325600142284016 0.000440857854107877 1.10776155052427e-05
"Immunityfull_306-366" 0.000667338767764511 0.00083318526215896 0.000536960625817149 0.000867077379700556 0.000898383913460177 0.00097233562533931 0.000989943196025004 0.000851873971005386 0.000813875849491665 0.000680537473748793 0.000413245846361662 0.000328233125938859 0.000985203618691947 0.000977840750065988 0.000930688225320329 0.0176540029244807 0.000926879805279578 0.000845071414061803 0.000812098387820869 0.000789741670990644 0.000715748341551519 0.000665724701420529 0.000797748106790331 0.000835460204407495 0.000782238359203675 0.000594384360874167 0.00042379942376943 0.000353560421598782 0.000824932028121374 0.000893945775541756 0.000955597044440531 0.000940154582697335 0.000886908053719308 0.000805098283503675 0.000703268292936427 0.000683468888638996 0.000913756102737974 0.000946474437213699 0.000969245268372965 0.000884579955635208 0.000727433713379367 0.000613108136431798 0.000843972788407774 0.000806585265477229 0.000510201777088629 0.000357590656602935 0.000328116820153323 0.000792330812055242 0.000750724803560314 0.000490822428257589 0.000347806584034626 0.000313987329067168 7.09985033426778e-06 1.54346584650394e-05 3.31467111418962e-05 5.86454755176311e-05 8.87958893474944e-05 0.000156916216222801 -0.000562824524969379 0.000907459991221423 -0.000275783134822265 -0.000839262047652587 -0.00081818521502436 -0.000421608405800974 -0.000245567693646543 -0.00013233092235363 7.20085520324029e-05 0.000129777182599738 0.000191894018211103 0.00024572874881477 0.000305434763916482 0.000356285388490683 0.000398410732379378 0.000519375223243315 1.13409967261552e-05
"Immunityfull_367-427" 0.000648869092084573 0.000617948666437327 0.000562945582359838 0.000869028433847881 0.000873486203652314 0.00105280495650419 0.00114744233713585 0.000952621377928248 0.000700023855966454 0.000580730353642182 0.000488368231738391 0.000378380347078813 0.0010823618050686 0.00110805574942068 0.000958979030088479 0.000926879805279578 0.00926144703943152 0.000843530055784794 0.000719977728629007 0.000735084774364569 0.00064078384996544 0.000726695312970287 0.000878995608304829 0.000849833156884365 0.000670236929937914 0.000579423710945205 0.000494501628261379 0.000398610727678599 0.000759315907501131 0.000978557081450657 0.00103774588768849 0.000960171555744015 0.000821358720360753 0.000784455461889342 0.000707461327220849 0.000646847254824909 0.000976918433797877 0.000987605190140942 0.000917249967237533 0.000772529406068271 0.000655368611446228 0.000649485584767894 0.000930503608533417 0.000587575944563643 0.000533892152604457 0.000427551967226053 0.000358100356637568 0.000773096074621939 0.000584135893255749 0.000501728077687783 0.000416246674434799 0.00034727918320094 1.98248081765665e-06 1.03246487243524e-05 3.17544787798821e-05 5.65149820314066e-05 8.38146762152199e-05 0.000158028013421146 -0.000357386848891858 0.000944640361605504 0.000185117644400268 -0.000303873092536714 -0.000396524564396913 -0.000144273200263371 -5.97876855847323e-05 -3.52826447067373e-05 4.57157772394093e-05 0.000104292699153037 0.000160338197428717 0.00022262667468834 0.000275695865970532 0.000334483492487516 0.000388260825025864 0.000518979686927649 2.33393124164329e-05
"Immunityfull_428-488" 0.000668170056758805 0.000688988892000595 0.000547207542204952 0.000866919061690713 0.000805256136141036 0.000809966652216243 0.000828099017930899 0.000871579281840235 0.000826377162617064 0.000587649348072955 0.000537391808892425 0.000498675096796555 0.000803178491162002 0.000849055234961768 0.000927210748192288 0.000845071414061803 0.000843530055784794 0.00692309687090582 0.00075025785990616 0.000788146441199692 0.000669113285615163 0.000664182290972898 0.000796241524282096 0.000848889443600008 0.000744784035783348 0.000584764779594196 0.000551687414343567 0.000505490226316431 0.000756370332097076 0.000786891572647485 0.000894267175402092 0.00089082016406626 0.000832780087794955 0.000743286984917647 0.000725704023862622 0.000671496241699859 0.000786008399458565 0.000884759373724248 0.00086581114658163 0.000787606077476033 0.000634915817439963 0.000608205823994528 0.000781077150286143 0.00067870577802457 0.000526163489641836 0.000523711823946567 0.000466359973454179 0.000840641069716325 0.000668503219749175 0.000521463728111176 0.000505690442258207 0.00046514229898951 -6.17145194782688e-06 -1.68575782144053e-06 1.8081011398919e-05 4.23511584498935e-05 6.92150486563669e-05 0.000144199307124156 -0.000270057808163963 0.000782605269963999 0.000284874000511613 -2.9309216463507e-05 -0.000130192124955019 9.60549311622014e-06 4.39515607136284e-05 2.89687211308757e-05 -1.09538726386017e-05 1.04693752070248e-05 3.75519219132203e-05 8.23259159708377e-05 0.000113668354547199 0.00014374085298996 0.000175382953924398 0.000294920167329677 3.47652584801777e-05
"Immunityfull_489-549" 0.000732612851427401 0.000936756033096481 0.00073293244299035 0.000732790734430357 0.000778321843661305 0.000662597140037916 0.000620953790410713 0.000674068243818606 0.00081409392251847 0.000869394830525346 0.000616647209885846 0.000570717832703497 0.000635964679023245 0.000643442655367577 0.000736962177579947 0.000812098387820869 0.000719977728629007 0.00075025785990616 0.00923926838738602 0.000767649287184983 0.000799808616925738 0.000669346319818529 0.000664628356598529 0.000735565514527665 0.000836033266212446 0.000763757458172722 0.000608437084567831 0.000583502772943047 0.000802961687858972 0.000687018984136165 0.000699037933328913 0.000752294064388999 0.000817969420449583 0.000789818421475119 0.000731742791670309 0.000763224832685059 0.000692111908101644 0.00070165888963285 0.000776687766447247 0.000831295980277136 0.000782449991637754 0.000649148199930003 0.000642781629712107 0.000926514617876821 0.000731770971248892 0.000569546491896319 0.000602192740269733 0.000734690443452614 0.000874253081878442 0.000712351236559734 0.000570038921826432 0.000580298645972614 -1.32593848070326e-05 -1.04204415923286e-05 6.09234449586999e-06 2.77918643544886e-05 5.74160253804778e-05 0.000131266374517247 -0.000261698613292819 0.000676390047708549 0.000263730204488792 -2.12147756873037e-05 -0.00010131202056641 1.7358419058666e-05 4.62639366904309e-05 2.94050190522675e-05 -9.79847503438363e-06 6.94860083231799e-06 2.42110589680662e-05 5.47216378370613e-05 7.68818244320618e-05 7.91488754730822e-05 7.45755426903243e-05 0.000151372628256049 4.70999584102898e-05
"Immunityhybridboost_001-061" 0.000616685161532158 0.000804458027252205 0.000540102250789115 0.000822252706998658 0.000777633814914708 0.000705424570116869 0.000719361404951437 0.000801213407340339 0.000864433941295026 0.000673839215875454 0.000471118501276812 0.000425731271455473 0.000684135047438434 0.00072686972134884 0.00081861519827059 0.000789741670990644 0.000735084774364569 0.000788146441199692 0.000767649287184983 0.167481704792305 0.000724655472228469 0.000626672407831696 0.000715155289900288 0.000803527641417765 0.000780600741920909 0.000575201388415115 0.000458804671385484 0.000422937791369529 0.00074460676031816 0.000676052002165204 0.000746355299553513 0.000795413055590017 0.000788508171388028 0.000677950406768505 0.000636832859313869 0.000624565651453234 0.000671233835335911 0.000734363321466518 0.000765933995173841 0.000726117200473223 0.000555992546309271 0.000453553510497737 0.000623032014711512 0.00082347137325664 0.000552883400405505 0.000451099852166478 0.0004141414782684 0.000846276906991271 0.0007898690649889 0.000549209980770481 0.000449002146707154 0.000416248231885839 -5.42894756057151e-05 -7.41065057063076e-05 -8.16413909222441e-05 -7.41889623766255e-05 -6.68953957600989e-05 -5.17154669297146e-06 -0.00014655369850695 0.000433588424521999 0.000192390456807282 6.51159799907228e-05 1.94270027313724e-05 5.90949687528188e-05 6.13816665351759e-05 4.09794355976919e-05 -3.24569594018544e-05 -4.50804316627493e-05 -5.90434812900858e-05 -8.67264783147692e-05 -0.000107680735118917 -0.000124219276067691 -0.000129201341676953 -3.39997075517269e-05 -2.15178535195843e-05
"Immunityhybridboost_062-122" 0.000760061325964621 0.0009269259887719 0.000920444510613188 0.000636095316436981 0.000713370300933817 0.000608923074872181 0.000543284738736334 0.000575989509193922 0.000747338166356584 0.000974218856152917 0.000798188231335745 0.000646653530439585 0.000556409693892506 0.000533390707015622 0.000605103070871531 0.000715748341551519 0.00064078384996544 0.000669113285615163 0.000799808616925738 0.000724655472228469 0.0777743953767547 0.000729179744644483 0.000620107802582177 0.000655846498749295 0.000830035649364311 0.000895721175570352 0.000754997590084669 0.000633625265749737 0.000779393337118798 0.00063631217533086 0.000575066666890679 0.000633047376945197 0.00075416425951128 0.00078665470071711 0.000752979929455565 0.000784275857089706 0.000632498211245056 0.000568432657795172 0.00064415267221667 0.000776320449550298 0.000829007218753099 0.00072347375757995 0.000560574094658661 0.000925820397895815 0.000936574743193698 0.000723467914265096 0.000601429071225607 0.000662400985791965 0.000902842253609614 0.000897513963054968 0.000730831771589867 0.00060739014691857 -5.69108289884116e-05 -7.65453660034714e-05 -8.30798369769445e-05 -7.47952316552092e-05 -6.48092952944738e-05 -8.4213527508855e-07 -0.000163544471862453 0.000423860127616328 0.000200548757869558 7.33376822117159e-05 3.99609836292438e-05 6.73633032424087e-05 6.7592825890755e-05 4.53796596366848e-05 -3.18922750920788e-05 -4.31461158452321e-05 -5.797717543353e-05 -8.62725716281542e-05 -0.000107175131308305 -0.00012725080764913 -0.000137883964280774 -3.97189094479246e-05 -2.15246559151597e-05
"Immunityhybridboost_123-183" 0.00080631144796721 0.000647848539685841 0.000935323920920038 0.000613264723572366 0.000673279942032926 0.000770225488396451 0.000770135259431542 0.000652762903537683 0.000571640806680083 0.000784572374733875 0.00102484733927743 0.000960482963699567 0.000747423724708905 0.000715394308067765 0.000620692981383496 0.000665724701420529 0.000726695312970287 0.000664182290972898 0.000669346319818529 0.000626672407831696 0.000729179744644483 0.16751195991799 0.000745944682053763 0.000643936790369441 0.000670571559444938 0.000901702762248392 0.00102247233566324 0.000931204277047632 0.000694056542292138 0.000774784968772615 0.00069042128216224 0.000647035371116788 0.000657639061960276 0.000778326146813097 0.000823085320698282 0.000812296291440405 0.000764799520044297 0.000653033470210074 0.000609035272190089 0.000653422576130799 0.000839659098137179 0.000940837744157528 0.000780554932103748 0.000632128702676459 0.000923779896795198 0.00103519609291052 0.000837711982535293 0.000587784015741123 0.000653910811159711 0.000922045209575057 0.00101624185636273 0.000871547504182175 -5.59655763550687e-05 -7.34196369896878e-05 -7.7424949369245e-05 -6.70050190100813e-05 -5.34604506909537e-05 1.03317674161502e-05 -0.000170654113763618 0.000479864403598754 0.000244381615013358 0.000103495142162169 6.56166958063142e-05 8.8148660805351e-05 8.45140550981999e-05 5.59428641428521e-05 -3.63503865175208e-05 -4.67575886119329e-05 -5.73963411970055e-05 -7.15758223274659e-05 -7.14392426234409e-05 -7.58825798991172e-05 -7.35519287261339e-05 3.92672497429016e-05 -1.61397819153168e-05
"Immunityhybridboost_184-244" 0.00067568657646298 0.00055410572565494 0.000566884333271151 0.000809467098517426 0.000779224153484696 0.000943471081468514 0.00102903507432655 0.000892354423602154 0.000678969096946124 0.000526939219510809 0.00063254156150034 0.000714946952009927 0.000948611621552878 0.000974624790767554 0.000861153462989207 0.000797748106790331 0.000878995608304829 0.000796241524282096 0.000664628356598529 0.000715155289900288 0.000620107802582177 0.000745944682053763 0.0917734866035689 0.000811225095262023 0.000639116702670457 0.000598706505987319 0.000679103721799881 0.000744811070630572 0.000699558232834562 0.000880231238943055 0.000922564627782323 0.000857901903601845 0.000736581540486764 0.000716802724329321 0.000720247015249077 0.000684298347210868 0.00086137765309963 0.000864332882615442 0.000782088302283603 0.00065291668498962 0.000599481945653761 0.000685761263530265 0.000893065515595452 0.00054550886570581 0.000547402036478916 0.000669081932743268 0.000776901035153365 0.000755803353216372 0.000553057870904256 0.000555048351669772 0.00065352852170721 0.000751700193639704 -5.3557720654425e-05 -6.70948942777044e-05 -6.50625318029822e-05 -4.97397869152338e-05 -3.2905661536521e-05 3.06928917085054e-05 -0.000159685621015344 0.00064555710645465 0.000367229383736279 0.000197476914085267 0.000116789257507623 0.00014492953832236 0.000136580149370954 8.94739482575153e-05 -5.5139789113487e-05 -5.53454453782126e-05 -4.90493507192173e-05 -2.16527256952221e-05 3.31724407256183e-05 6.32222994397464e-05 9.33696982750604e-05 0.000224871217556005 -8.00376795429159e-06
"Immunityhybridboost_245-305" 0.000615923285608826 0.000673333063792264 0.00046823062552661 0.000882799063253083 0.000813009910034775 0.000828700197784832 0.000888032112791174 0.00091885065790585 0.00082540387955799 0.000556144675678392 0.000424074168530393 0.000443149982321803 0.000824186958751099 0.000891383085974502 0.000930705105504403 0.000835460204407495 0.000849833156884365 0.000848889443600008 0.000735565514527665 0.000803527641417765 0.000655846498749295 0.000643936790369441 0.000811225095262023 0.100871850804321 0.000726441380225937 0.000516028964200292 0.000448305516077958 0.000483261791467506 0.000739218778435853 0.000790582473965056 0.00090303084072895 0.000902024004189258 0.000813225828251299 0.00070032962159324 0.000661864654300577 0.000624423624151362 0.000776486174653949 0.000871346109566662 0.000844291532160277 0.000727418636716834 0.000528264930700274 0.000489170867171456 0.00076729883314185 0.000676122477153258 0.000461549132239143 0.00041406406626466 0.000530517604116642 0.000865660978263329 0.000662616802762574 0.000453667694481545 0.00040840275893229 0.000498506892323022 -5.31876580383789e-05 -6.42259888072268e-05 -5.97928342077738e-05 -4.74186548658042e-05 -2.89376443435769e-05 3.39193393629785e-05 -0.000153371034853266 0.000626297589041549 0.000355569990680704 0.000199710387843906 0.000115897749551148 0.000144554353559893 0.000137089507365842 8.97597128774171e-05 -6.47609329220627e-05 -7.16634382661413e-05 -6.85862556738337e-05 -5.16974878663112e-05 8.79414326602287e-06 3.85376647771438e-05 6.61544258330071e-05 0.000189047252152048 -3.24905419471123e-06
