"Immunity_other" "Immunitybnew_001-061" "Immunityboost_001-061" "Immunityboost_062-122" "Immunityboost_123-183" "Immunityboost_184-244" "Immunityboost_245-305" "Immunityboost_306-366" "Immunityboost_367-427" "Immunityboost_428-488" "Immunityboost_489-549" "Immunityfull_001-061" "Immunityfull_062-122" "Immunityfull_123-183" "Immunityfull_184-244" "Immunityfull_245-305" "Immunityfull_306-366" "Immunityfull_367-427" "Immunityfull_428-488" "Immunityfull_489-549" "Immunityhybridboost_001-061" "Immunityhybridboost_062-122" "Immunityhybridboost_123-183" "Immunityhybridboost_184-244" "Immunityhybridboost_245-305" "Immunityhybridboost_306-366" "Immunityhybridboost_367-427" "Immunityhybridboost_428-488" "Immunityhybridboost_489-549" "Immunityhybridfull_001-061" "Immunityhybridfull_062-122" "Immunityhybridfull_123-183" "Immunityhybridfull_184-244" "Immunityhybridfull_245-305" "Immunityhybridfull_306-366" "Immunityhybridfull_367-427" "Immunityhybridfull_428-488" "Immunityhybridfull_489-549" "Immunityinf_062-122" "Immunityinf_123-183" "Immunityinf_184-244" "Immunityinf_245-305" "Immunityinf_306-366" "Immunityinf_367-427" "Immunityinf_428-488" "Immunityinf_489-549" "Immunitysecbnew_001-061" "Immunitysecbnew_062-122" "Immunitysecbnew_123-183" "Immunitysecboost_001-061" "Immunitysecboost_062-122" "Immunitysecboost_123-183" "Immunitysecboost_184-244" "AgeGr0-11" "AgeGr12-15" "AgeGr16-17" "AgeGr18-24" "AgeGr25-29" "AgeGr30-34" "AgeGr35-39" "SexM"
"Immunity_other" 0.0010456046313728 0.000204614864119762 0.000172015018304365 0.000172306722288672 0.000169397847314151 0.00017119082049651 0.000182274571655507 0.000201799196073269 0.000260108128221182 0.00027895781232391 0.000287147713522336 0.000167883198854066 0.000161839012277115 0.000149025361561724 0.000160717494412465 0.000173104974442935 0.000172724804823383 0.000180299405541131 0.000201698967276766 0.000226561630135702 0.000177033781210003 0.000180756286162762 0.000176279188346283 0.000175433545888979 0.000186422738213535 0.000214733448342979 0.000264871244147586 0.000279528112347956 0.000288423271033836 0.000175553092087254 0.000176653055330591 0.00016833840902874 0.000171778849281594 0.000179018349152086 0.00018800770821802 0.000206249281557014 0.000217108244491414 0.000229250925224309 0.000173803056605831 0.000158916145052267 0.000157551802906803 0.000158726213549979 0.000175250346578471 0.000221812962026967 0.000223200214375389 0.000160903517349328 0.000200984043227024 0.000248645393770027 0.000282012477952065 0.0001790217997596 0.0001999727279505 0.00025301901870394 0.000279300448490394 9.10783103268004e-05 1.5899793555632e-05 1.54878956094762e-06 -1.09716623237558e-05 -1.31582898769506e-06 -2.43843530730636e-06 -9.04659760330086e-07 2.14409130217724e-06
"Immunitybnew_001-061" 0.000204614864119762 0.250368287424603 0.000164341769674113 0.000174480047170805 0.00016368760330482 0.000158008924776657 0.00021609672883823 0.000346902277058526 0.000281743552449067 0.000262840982304288 0.000256653452881245 0.000171316030541077 0.000156834619393786 0.000126353815358666 0.000141530614290484 0.000170396865358472 0.000189465365807888 0.000184514007029599 0.000290220567782096 0.000309976729573891 0.000190825441971102 0.000205074366336066 0.000176655923799421 0.000169727908371223 0.000239939473130032 0.000340581545799531 0.000276340737005985 0.000261808866931557 0.000256244554905234 0.0001823004240399 0.000210854877625444 0.000156922843492759 0.000159242345437735 0.000210230099346184 0.000249773778850382 0.000220700841101354 0.000281756213296331 0.00029835323408123 0.000218427504614728 0.000141849003309883 0.000137030970587519 0.000169155236372929 0.000236896638228793 0.000284811775005072 0.000216366684796124 0.00013574280718222 0.000371924071457252 0.000294807308876985 0.000259496074917942 0.000198867604690657 0.000348880163932881 0.000294475693655356 0.000261188065325101 0.00014221621312185 1.3926616590979e-05 -3.84881032525629e-06 -1.24288094144948e-05 -4.95687060137879e-06 -7.11682369837981e-06 -9.46773914236857e-06 -2.26449861606408e-08
"Immunityboost_001-061" 0.000172015018304365 0.000164341769674113 0.0214990396012743 0.000219568804443786 0.000224523890362947 0.000219571335967515 0.000199584256987761 0.000167583555106258 0.000143231301659294 0.000138544198934364 0.000137337791102196 0.000227936045078761 0.000220067763091745 0.000210970732273437 0.000213623261688821 0.000214409642895569 0.000215920480299739 0.000209324305692183 0.000179720985644968 0.000158635164261957 0.000209807152669625 0.000206160974542416 0.000213890422292455 0.000213574034904322 0.000193313715877701 0.000159773427903812 0.000141852064446814 0.000138862909067774 0.000138780200681674 0.000209057001097198 0.000200942976307967 0.000220366325025111 0.000218517021601382 0.000204941476943324 0.000193570323781241 0.00018776444542883 0.000171323262956756 0.000159024109988988 0.000188366255886665 0.000204444008715147 0.00019567005942669 0.000182409939395534 0.000162267065270581 0.000129607130587053 0.000135448963134835 0.000188910162879919 0.000163392620177453 0.000141047496914165 0.000137510006235811 0.000202910541536759 0.000166153247287644 0.000140914598876818 0.000138278634852536 0.000137364362727269 -2.84510926067671e-06 -3.29828664214765e-05 -4.12473163807682e-05 -7.6825171219563e-06 -9.85269041319225e-06 -1.74829441987432e-06 5.06215671619797e-06
"Immunityboost_062-122" 0.000172306722288672 0.000174480047170805 0.000219568804443786 0.0166138544793267 0.000228101848488475 0.000218237255253849 0.00019688658993609 0.000175321447603513 0.000147209851931648 0.000141423918646127 0.00013998167026588 0.000200255798231072 0.000201411365010491 0.000204292358061767 0.000215324776164162 0.000211256221939466 0.000219167721509979 0.000205800778421175 0.000183525307698089 0.000164642263594186 0.000208617680636656 0.000207413544477694 0.000215851168847991 0.000211342395002349 0.000192677995715714 0.000167325562656919 0.000145511397775438 0.000141717073132793 0.000141318393205409 0.00020551759851082 0.000202571815949758 0.000223554156249271 0.000216512595231361 0.000203839736243612 0.000197599987088822 0.000187025437642471 0.000174830074197253 0.00016414180629898 0.000191228964244074 0.000208537975559677 0.000193783885600401 0.000181994655366134 0.000163569523360888 0.000135989818362776 0.000139381108388306 0.000189813902225395 0.000173676752308432 0.000146027976866829 0.00014017613978704 0.000199254152722533 0.000174279368619259 0.000145794469137443 0.000140835472112963 0.00013880672860076 -6.22928947696128e-06 -4.17431787542329e-05 -3.84066404121884e-05 -6.76252800716586e-06 -5.65239831729026e-06 -2.28155257901111e-06 5.52839357228861e-06
"Immunityboost_123-183" 0.000169397847314151 0.00016368760330482 0.000224523890362947 0.000228101848488475 0.0029086373008403 0.000219254344593339 0.000187258112400232 0.000166566938679817 0.000148277983935999 0.000143511644280197 0.000141884259602334 0.000203025330491778 0.000216103528938223 0.000237735305398886 0.000229838574599361 0.000207550132801701 0.000229044649853649 0.000197684751992492 0.000174041353721577 0.000161299707147975 0.000207142003734041 0.00021212786032167 0.000232863334828747 0.00020879140361758 0.000182815869541732 0.000161121495499729 0.000146968648870046 0.000143684547945737 0.000142705799313341 0.000201486588597613 0.000215694789980065 0.000252440591715607 0.000215710612833616 0.000196138473219161 0.000197738423642583 0.000181491197456386 0.000168266450591064 0.000161031764335078 0.000205135218289647 0.000238334862114827 0.000193847560430034 0.000175629136788797 0.000152566893789561 0.000132218081094691 0.000147977576909175 0.000198469386899805 0.000163865171725226 0.000147783198563555 0.000142579349245135 0.000190203661147577 0.000165375973747131 0.000147409228088961 0.00014339374989393 0.000144560340545552 1.00048190012028e-05 -3.41724455938579e-05 -2.83896591539938e-05 1.14791721267394e-06 -1.43638775600707e-06 -7.15574174575056e-07 3.39968383973717e-06
"Immunityboost_184-244" 0.00017119082049651 0.000158008924776657 0.000219571335967515 0.000218237255253849 0.000219254344593339 0.000752440865037516 0.000196124439309806 0.000167412180066523 0.000147602168634503 0.000146242549427419 0.000145202934020538 0.000195899682724578 0.000194520613749482 0.00019450230673847 0.000215131836443144 0.000212418063588249 0.000213505771421112 0.000209854751867466 0.000173275870888457 0.00015747205095015 0.000212179535449706 0.00020525477198305 0.00021695331677789 0.000221955888042867 0.000189430058711457 0.0001608890965874 0.000147043892942108 0.000146099322455961 0.000145189774354505 0.000209182865552748 0.000193277394260758 0.000221005272706114 0.000222321701740684 0.000200873087628335 0.000191450350143264 0.000188107503411347 0.000168457892262768 0.000158995071705509 0.000180935359789064 0.000205882106392343 0.000197880640165684 0.000179746513307004 0.000152352226692577 0.000126137267566361 0.000133368171442466 0.000194086685764138 0.000162489123259474 0.000148223304351795 0.000145597417421062 0.000206127088466657 0.000165357201272786 0.000148847746619798 0.00014644948881643 0.000161366115035163 5.18124453979343e-05 1.60687308769984e-05 -2.89150508815645e-06 2.21764284878145e-05 1.11072316846045e-05 4.06940144968551e-06 -5.76974985410243e-07
"Immunityboost_245-305" 0.000182274571655507 0.00021609672883823 0.000199584256987761 0.00019688658993609 0.000187258112400232 0.000196124439309806 0.000913651137688401 0.00021177794068548 0.000170364665179966 0.000167243054481747 0.000166086143684594 0.000187360524760873 0.000171627528697951 0.000148554574532002 0.00017255577876336 0.000207131779229563 0.000193113443944041 0.00021107158562875 0.000226290753016525 0.00018125025394135 0.000211707664526473 0.000206713099147393 0.000193119457295301 0.000205201378006359 0.000240735969925666 0.000200327796567605 0.000169084249510631 0.000166926555761643 0.000165502476742117 0.000210129489904436 0.000202458613046758 0.000177848411684194 0.000197651584775163 0.000225499053926275 0.000203628007762562 0.000198377297779251 0.000210362749534046 0.000183109933613659 0.000200102623560375 0.000161005562616125 0.000174254177188247 0.000185170963774332 0.00019770920685024 0.000152043621938914 0.000137540850495691 0.000158767488449788 0.000226329255887098 0.000171856801466514 0.000165978678314602 0.000233556552032801 0.000227667489473046 0.000172926666524065 0.000167086386483049 0.000174078957948202 7.48120180886696e-05 4.72000958484018e-05 1.88188203140575e-05 3.65874142768177e-05 2.13251624798245e-05 8.03927227799016e-06 1.25207317100184e-06
"Immunityboost_306-366" 0.000201799196073269 0.000346902277058526 0.000167583555106258 0.000175321447603513 0.000166566938679817 0.000167412180066523 0.00021177794068548 0.00236790756366185 0.000279193345344036 0.000253733586552458 0.000240403747332472 0.000170886344078371 0.000157178733776329 0.000127016127191535 0.000144272030385454 0.000172515952147269 0.000185275146902841 0.000190583234616288 0.0002717927617495 0.000328075430110204 0.000193732694676538 0.000206899883612245 0.000182873884514553 0.000178709993691299 0.000232874141617953 0.000357105957464686 0.000271287193368804 0.000251694757378305 0.000238356903293111 0.000184729644848792 0.000208962979124384 0.000162334166823756 0.000165544026977937 0.000204942134866969 0.000253530341151064 0.000222889817149496 0.00026820305982379 0.000311402818786247 0.000215332552685428 0.00014679724880244 0.000141578122184728 0.000163630891967286 0.000233606347250406 0.000281994984236792 0.000208881111925043 0.000138728730215007 0.000354843751011209 0.000315058588886381 0.00024202816629206 0.000201872179340887 0.00034555615653065 0.000306538928893677 0.000246566366016602 0.000175350514029275 7.63047970944004e-05 4.7850717513612e-05 2.11058112932107e-05 3.60220437498581e-05 2.37643645157243e-05 9.11933516827154e-06 5.63010182186672e-06
"Immunityboost_367-427" 0.000260108128221182 0.000281743552449067 0.000143231301659294 0.000147209851931648 0.000148277983935999 0.000147602168634503 0.000170364665179966 0.000279193345344036 0.00378330201342467 0.00061011374567306 0.000618764012692361 0.00015047792124665 0.000141009706453585 0.000113107404799399 0.000126117427381505 0.000143653811856252 0.000152697969598806 0.000175838897665912 0.00026085059897561 0.000433982087210462 0.000163140042045333 0.000186034416892529 0.000177493139297288 0.00016189858145223 0.000190181375345707 0.000354745487487658 0.000610424310510288 0.000612779068755018 0.000612160812717563 0.000158793213447918 0.000175708705428721 0.000154243546812466 0.000145965063061652 0.000160616816888856 0.000222091652426803 0.000306980260679335 0.000342181663535168 0.000438566141470127 0.000175164543304308 0.000140671479648789 0.000122428516498035 0.00012477652831851 0.000194502998119077 0.000439330193979708 0.000467334391436366 0.00014983383311529 0.000267116751531352 0.000568923609583359 0.00063269951595241 0.000163447180279492 0.000266896870411141 0.000573391794029397 0.000632360958143917 0.000170594600826021 7.76057146088635e-05 4.6937377930536e-05 1.582284220791e-05 3.43666729599781e-05 2.11789121937539e-05 8.33943500046644e-06 9.21223025344533e-07
"Immunityboost_428-488" 0.00027895781232391 0.000262840982304288 0.000138544198934364 0.000141423918646127 0.000143511644280197 0.000146242549427419 0.000167243054481747 0.000253733586552458 0.00061011374567306 0.015363281665448 0.000945086414402286 0.000146087633910091 0.000135699911158077 0.000109495269237011 0.000122130892424267 0.000138381494454403 0.000143586896294494 0.000168321498730962 0.00026570465928522 0.000394949869607336 0.000160617612473735 0.000178676274944061 0.000177189842791222 0.000162479079636339 0.000186536618889705 0.000330955370977871 0.000656745831839326 0.000871070876339097 0.000966019440110288 0.000157800234067607 0.000168592126148139 0.000151590421861291 0.000143386339638751 0.000155017793002504 0.000204295795501456 0.000315044342657581 0.000373582278499134 0.000426373651007543 0.000167516011991746 0.000138359303264059 0.000120473134379259 0.000119469928308313 0.000176351560124579 0.000455429688053453 0.000501266996926224 0.000172328437768196 0.000246572878759654 0.000533415096676171 0.000843823237744327 0.000161956197172838 0.000243064660680612 0.000571978774896421 0.000818225189087914 0.000184947224146035 0.00010393517871088 8.38553883782102e-05 4.58786565520056e-05 5.0775521974537e-05 3.54071257547663e-05 1.43124491213762e-05 8.20032808363936e-06
"Immunityboost_489-549" 0.000287147713522336 0.000256653452881245 0.000137337791102196 0.00013998167026588 0.000141884259602334 0.000145202934020538 0.000166086143684594 0.000240403747332472 0.000618764012692361 0.000945086414402286 0.143923107695193 0.000144434261113785 0.000134053279437363 0.000108681083131329 0.000120836614150323 0.000136326813209416 0.000140023784278997 0.000164149527511367 0.000269147337074333 0.000369856620981797 0.000160231671307905 0.000175935056687151 0.000177322716212902 0.000162724068067776 0.000185564545458602 0.000317183288104804 0.000679238245123391 0.000946459792637398 0.00109465877063295 0.000158248829014339 0.000166532730279536 0.000151003223445571 0.00014294967042968 0.000153798195601464 0.000195817308573138 0.000318568546722921 0.000385700223921674 0.000412799990110358 0.000164941659212297 0.00013791587874393 0.000120467776733825 0.000118592150311333 0.000168482444678518 0.000462695827662411 0.000514946093111659 0.00017981493388003 0.000237943627224105 0.000508275510156895 0.000934097507587216 0.000160255146594861 0.00023029140532013 0.000566515672249246 0.000891970962934014 0.000189460269055232 0.000109506541676448 8.98623674617018e-05 5.79973179197418e-05 5.0592850641453e-05 4.36450119234589e-05 1.69245674207593e-05 2.44337842643903e-05
"Immunityfull_001-061" 0.000167883198854066 0.000171316030541077 0.000227936045078761 0.000200255798231072 0.000203025330491778 0.000195899682724578 0.000187360524760873 0.000170886344078371 0.00015047792124665 0.000146087633910091 0.000144434261113785 0.334020408542919 0.000589469612029057 0.000392572566910296 0.000195422490800535 0.000195414751300814 0.00019804357969124 0.000191494767830897 0.000178123875393582 0.00016331346494942 0.000194632747366227 0.000190885655949255 0.000194466475025917 0.000192295359571959 0.000184080818797333 0.000164899655588257 0.000149008488083184 0.000145960682159532 0.0001456953490506 0.000217383611014062 0.000209235796995693 0.000208046718570814 0.0001959351562695 0.000190452288016158 0.000184633829454188 0.000178314108179611 0.000170978362243013 0.000162541778735123 0.00018830590613706 0.000186625662539422 0.000178639165379694 0.00017280613289656 0.000164793319198937 0.000144392412642791 0.000145343882325452 0.000173864946849885 0.000170352769192628 0.000149833369071077 0.00014605619660814 0.000188033161944826 0.000171198206389912 0.000149729445352438 0.000146414422858662 0.000105486834814392 -2.034471731765e-05 -2.36618613176693e-05 -3.22857956882392e-05 -1.32835328882758e-05 -1.35890802026672e-05 -5.06710983832475e-06 -3.93165796782579e-06
"Immunityfull_062-122" 0.000161839012277115 0.000156834619393786 0.000220067763091745 0.000201411365010491 0.000216103528938223 0.000194520613749482 0.000171627528697951 0.000157178733776329 0.000141009706453585 0.000135699911158077 0.000134053279437363 0.000589469612029057 0.167349808406994 0.000372827165874786 0.000202375985168593 0.000190010861411416 0.000199758606270159 0.00018221416695452 0.000162884142159793 0.000153725469082273 0.000187984346927911 0.000187895506209129 0.000198510290242478 0.000187413703587711 0.000168233087337358 0.000152467111366984 0.000139583202655254 0.000135843887896801 0.000135047989616214 0.000205786580727037 0.000213269425371928 0.000218003104166161 0.000193603562611013 0.000179672015834103 0.00017844339113825 0.000168844609482478 0.00015775150202045 0.000152795420656015 0.00018683726789107 0.000200759636736375 0.000179790167555861 0.0001688775729729 0.000153405225877733 0.000138001532977754 0.000145423222688126 0.000179433447896834 0.000154481688481316 0.000140571869849132 0.00013536731632107 0.00017417994872772 0.00015500619380967 0.00013979226695975 0.000135763331895253 8.66964818104372e-05 -3.54344437740201e-05 -3.16923425910699e-05 -3.22515763759653e-05 -1.71813099177624e-05 -1.4765237459501e-05 -6.70514586918032e-06 1.15134628823235e-06
"Immunityfull_123-183" 0.000149025361561724 0.000126353815358666 0.000210970732273437 0.000204292358061767 0.000237735305398886 0.00019450230673847 0.000148554574532002 0.000127016127191535 0.000113107404799399 0.000109495269237011 0.000108681083131329 0.000392572566910296 0.000372827165874786 0.016716409272 0.000217827636327788 0.000180643858963553 0.000205967182495607 0.000166690275500574 0.000136024766934317 0.000126266758985477 0.000178188044681702 0.000182257843790577 0.000206435764475492 0.000180585658545224 0.000143614702475937 0.000122324578457278 0.000112063909940056 0.000109752172310356 0.000109746012697833 0.000184655815590133 0.000197554168512429 0.000235983109310329 0.00019093653928967 0.000162937545115173 0.000166608443286949 0.000149033708728541 0.000131570984727356 0.000125902955832132 0.000183489497191861 0.000227168725359135 0.00018272735023911 0.000163790787470219 0.000132566863689453 0.000115280219120588 0.000137104716139995 0.000191753907962731 0.000123344522986386 0.000111621480790791 0.000109203769388945 0.000153587588348234 0.000124152492154291 0.00011110325002578 0.000109325596952202 5.32031940929221e-05 -4.636267320245e-05 -2.92641652345932e-05 -3.0717087335843e-05 -1.41499278153111e-05 -1.23925230134281e-05 -4.84044676148526e-06 2.97912821216109e-06
"Immunityfull_184-244" 0.000160717494412465 0.000141530614290484 0.000213623261688821 0.000215324776164162 0.000229838574599361 0.000215131836443144 0.00017255577876336 0.000144272030385454 0.000126117427381505 0.000122130892424267 0.000120836614150323 0.000195422490800535 0.000202375985168593 0.000217827636327788 0.00240570260306493 0.000200645682039451 0.00021601673661295 0.000191508152471464 0.000154944714317417 0.000140980830025174 0.000196254826516224 0.000195217193108424 0.000213063656624407 0.000202917732552222 0.000166110582566 0.000138011951942727 0.000124852579334484 0.000122243374503288 0.000122069937714378 0.000193609067560932 0.000190796950147976 0.000229117517846664 0.000210960851245187 0.000184537497040975 0.000181172069965428 0.000169689906531323 0.00014899060521229 0.000140835475357357 0.000178380566770879 0.00021923819894572 0.000194640429327749 0.000176020337008309 0.000144274543179544 0.000119436100585973 0.000133562132286107 0.00019648305697888 0.000139273765082066 0.000124653138500345 0.000122052733313693 0.00017925467705496 0.000141153734079966 0.000124284532690454 0.000122285749793919 9.98330883702752e-05 -3.74026238848462e-05 -3.72150155033037e-05 -3.41702696321726e-05 -1.23937787645198e-05 -1.28162220423427e-05 -5.21271042442185e-06 -3.2039124554095e-07
"Immunityfull_245-305" 0.000173104974442935 0.000170396865358472 0.000214409642895569 0.000211256221939466 0.000207550132801701 0.000212418063588249 0.000207131779229563 0.000172515952147269 0.000143653811856252 0.000138381494454403 0.000136326813209416 0.000195414751300814 0.000190010861411416 0.000180643858963553 0.000200645682039451 0.00159782410904477 0.000206439510926689 0.000211658679232704 0.000186289242270623 0.000160303991119501 0.00020761471717599 0.000201945815642999 0.000202501742874671 0.000210178864985369 0.000200612443554334 0.000163282757947943 0.00014190592494897 0.0001383031470684 0.000137787438503111 0.000206813614579038 0.000194961584323359 0.000201732662375968 0.000213331040819189 0.000208209689444118 0.000191473826782422 0.000189484462210921 0.000175659462275771 0.00016034090449284 0.000184381601582754 0.000186727792316953 0.00019242781517617 0.000184115070350407 0.000170926499725431 0.000132660090641979 0.000132553891619713 0.000179868856799278 0.000170147722210518 0.000142302627757999 0.000138292891778571 0.000209267606976363 0.000173354573785709 0.000142326110141009 0.000138822858265611 0.000130704599647659 -1.7040017816183e-05 -2.93238811027342e-05 -3.66942678335218e-05 -1.00125770162714e-05 -1.01228395274741e-05 -4.328700760187e-06 -4.23205778329855e-06
"Immunityfull_306-366" 0.000172724804823383 0.000189465365807888 0.000215920480299739 0.000219167721509979 0.000229044649853649 0.000213505771421112 0.000193113443944041 0.000185275146902841 0.000152697969598806 0.000143586896294494 0.000140023784278997 0.00019804357969124 0.000199758606270159 0.000205967182495607 0.00021601673661295 0.000206439510926689 0.00128465665639059 0.000200840044642668 0.000190001762991261 0.000173881325496757 0.000204956806009983 0.000206700790277414 0.000215014223867231 0.000205366879642765 0.000191363140911093 0.000176839665788954 0.00014990721247614 0.000143412646684759 0.000141694258357907 0.000200816981056716 0.000203297706815802 0.000224681420815483 0.00021143969584881 0.000201579685359811 0.000202379758763989 0.000185758274088514 0.000179816359467926 0.000171340474975373 0.000192913479627373 0.000210595780363451 0.000189408498697437 0.000181106621730347 0.000167032171990147 0.000145912666812998 0.000144799857231788 0.000188989445297596 0.000187861083344919 0.000152835355756927 0.000142873097682205 0.000193489485321634 0.00018571847171362 0.000152453214751275 0.00014378818171015 0.00013059854151822 -2.73635199235813e-05 -4.78484566716086e-05 -4.78046851095714e-05 -1.28979181806375e-05 -1.07384793992727e-05 -4.69500906840541e-06 -4.6630403095616e-06
"Immunityfull_367-427" 0.000180299405541131 0.000184514007029599 0.000209324305692183 0.000205800778421175 0.000197684751992492 0.000209854751867466 0.00021107158562875 0.000190583234616288 0.000175838897665912 0.000168321498730962 0.000164149527511367 0.000191494767830897 0.00018221416695452 0.000166690275500574 0.000191508152471464 0.000211658679232704 0.000200840044642668 0.000948359429410912 0.000196249202458731 0.000186080116931603 0.000207647322607122 0.000202544836198722 0.00019956469465657 0.000210236239352538 0.000206455740731502 0.000186170011701113 0.0001739077492123 0.000168044836352619 0.000164638761130989 0.000206429381133468 0.000192999426634834 0.000193412556458597 0.000210106969318718 0.000209014967630397 0.000197455944071175 0.000200686227425573 0.00019051338621483 0.000185266482940221 0.000183674142655028 0.000177334223588546 0.00018704375099466 0.000180705955378774 0.000177109908493557 0.000154619379124379 0.000150674907121511 0.000174845710884816 0.000185603337931139 0.000177703320855588 0.000167689573943643 0.000212961216811276 0.000189746751505539 0.000176398168377913 0.000169332829417516 0.000145227217381683 1.75920506195469e-05 -1.88141221710974e-05 -2.71033828247882e-05 3.60344163555378e-06 -1.81171873041277e-06 -8.83021430947272e-07 -5.52580820617068e-06
"Immunityfull_428-488" 0.000201698967276766 0.000290220567782096 0.000179720985644968 0.000183525307698089 0.000174041353721577 0.000173275870888457 0.000226290753016525 0.0002717927617495 0.00026085059897561 0.00026570465928522 0.000269147337074333 0.000178123875393582 0.000162884142159793 0.000136024766934317 0.000154944714317417 0.000186289242270623 0.000190001762991261 0.000196249202458731 0.00198417616167415 0.00025540927349802 0.000197758855667853 0.000204021384261436 0.000183450398091953 0.000183945350533627 0.000238136508032786 0.000270017326868871 0.000261378699592363 0.000265464369064655 0.000270110222988515 0.000193100424279173 0.000204080175201998 0.000165703903443874 0.000175614231997462 0.000215368791211695 0.000224553598141059 0.000219701401038966 0.000259183531695551 0.000253898665447148 0.000205998414604041 0.000149408761721109 0.000152272195636234 0.00017421422243924 0.000215316542087397 0.000238257621301732 0.00020683320323308 0.000148705090091797 0.000293635434876073 0.000255608790345667 0.00026756438841563 0.000212032823884085 0.000282876889864699 0.000260615107763358 0.000266224444708866 0.000158661718825384 4.19633788445166e-05 9.98473457770346e-06 -7.0355229252349e-06 1.68275745748145e-05 8.94663340021619e-06 4.57248823194675e-06 -4.40984265392945e-06
"Immunityfull_489-549" 0.000226561630135702 0.000309976729573891 0.000158635164261957 0.000164642263594186 0.000161299707147975 0.00015747205095015 0.00018125025394135 0.000328075430110204 0.000433982087210462 0.000394949869607336 0.000369856620981797 0.00016331346494942 0.000153725469082273 0.000126266758985477 0.000140980830025174 0.000160303991119501 0.000173881325496757 0.000186080116931603 0.00025540927349802 0.00461111385636636 0.000175290457081725 0.000196977471236073 0.000180076507077 0.000167459089228628 0.000201211151756519 0.000368894376141648 0.00042727988187753 0.000394008855448462 0.00036462338199268 0.00016888238648909 0.000192311694178417 0.000161844391410425 0.00015784603244482 0.000178554562012824 0.000245422312084217 0.000264040731901777 0.000292439559020283 0.000393389866615559 0.000193109877038239 0.000147651915058381 0.000134774113959089 0.000143903807356665 0.000220050994024513 0.000363361437740773 0.000335414515363993 0.000143714762384049 0.00030216171477645 0.000464980099382874 0.000386035247400571 0.000173328674475591 0.000304487162695887 0.000446304321033837 0.000396783065410994 0.000151277771648915 2.41764692220965e-05 -4.76613496809474e-06 -1.76567309931745e-05 8.13539662227346e-06 4.56891557627723e-06 2.12250424089202e-06 -1.22137551753365e-06
"Immunityhybridboost_001-061" 0.000177033781210003 0.000190825441971102 0.000209807152669625 0.000208617680636656 0.000207142003734041 0.000212179535449706 0.000211707664526473 0.000193732694676538 0.000163140042045333 0.000160617612473735 0.000160231671307905 0.000194632747366227 0.000187984346927911 0.000178188044681702 0.000196254826516224 0.00020761471717599 0.000204956806009983 0.000207647322607122 0.000197758855667853 0.000175290457081725 0.0174515935472691 0.000206061669444528 0.000206820185170466 0.000211652316415643 0.000209063795208791 0.00018578658138523 0.000162251586083673 0.000160698157369006 0.000160145841052852 0.000207653802531273 0.000199358397976301 0.000203803747865334 0.00020943057642936 0.000209309398514769 0.000199290740035695 0.000193194904794375 0.000189366927009937 0.00017623304716194 0.000191667383635745 0.000188166213406281 0.000185934002746819 0.000180613820204095 0.000173484473943584 0.000145755269201973 0.000141030078482562 0.000178209751857325 0.000195870729993827 0.000164358474806274 0.000158752850346989 0.000212829585527955 0.000196535425689333 0.00016477402598662 0.000159607734965312 0.000160085769494213 5.09136442478678e-05 1.54344362313494e-05 1.43262077253162e-06 1.75209207575614e-05 8.27634884943145e-06 4.82816413393425e-06 7.81188136283047e-06
"Immunityhybridboost_062-122" 0.000180756286162762 0.000205074366336066 0.000206160974542416 0.000207413544477694 0.00021212786032167 0.00020525477198305 0.000206713099147393 0.000206899883612245 0.000186034416892529 0.000178676274944061 0.000175935056687151 0.000190885655949255 0.000187895506209129 0.000182257843790577 0.000195217193108424 0.000201945815642999 0.000206700790277414 0.000202544836198722 0.000204021384261436 0.000196977471236073 0.000206061669444528 0.00897897361215734 0.000207876934673407 0.000204726114742475 0.000207072273028906 0.000202954829617491 0.000184310210079026 0.000178799298986445 0.000175515092950663 0.000202311484164313 0.000203542272543953 0.00020701223264202 0.00020354808272082 0.000205923422884798 0.000205731359294026 0.000197429353332205 0.000198780135399304 0.000195798468745884 0.000196986203120804 0.000191817600991464 0.000180529401304645 0.000177197660131488 0.000178220946333232 0.000166702431249303 0.000160585039579429 0.000176430004588375 0.000207948036494011 0.000189689375849404 0.000176101184890024 0.00020512835760852 0.000207842882123208 0.000188143167837783 0.000177851423528832 0.000156222608924863 3.78154036442185e-05 -3.85493887231997e-06 -5.89251751824666e-06 1.32019323318273e-05 6.41546117707304e-06 4.52469946352763e-06 9.39727182633215e-06
"Immunityhybridboost_123-183" 0.000176279188346283 0.000176655923799421 0.000213890422292455 0.000215851168847991 0.000232863334828747 0.00021695331677789 0.000193119457295301 0.000182873884514553 0.000177493139297288 0.000177189842791222 0.000177322716212902 0.000194466475025917 0.000198510290242478 0.000206435764475492 0.000213063656624407 0.000202501742874671 0.000215014223867231 0.00019956469465657 0.000183450398091953 0.000180076507077 0.000206820185170466 0.000207876934673407 0.00462677725751307 0.000210689292913864 0.000190608659096868 0.000181332457537485 0.0001775713355823 0.000177413351569569 0.000176927215341312 0.000202195607792877 0.000204134598988416 0.000229827940323654 0.000211152276072447 0.000196808118245637 0.000198815531452212 0.000191652453115376 0.000183030925635613 0.000181044868694333 0.000194929780525706 0.000215623470469738 0.000188022429793314 0.000173622022495481 0.000158260372483917 0.0001515476489555 0.000160167336390161 0.000190958909402523 0.000179699570630225 0.000177919980360719 0.000176136031183836 0.000197292955957069 0.000181212091342665 0.000178039358243488 0.000176804609588684 0.000159833765170844 4.90216506561213e-05 1.21495780429917e-05 2.08278775882481e-06 1.74929529508724e-05 8.63284951500427e-06 4.52738364840184e-06 7.91232182841981e-06
"Immunityhybridboost_184-244" 0.000175433545888979 0.000169727908371223 0.000213574034904322 0.000211342395002349 0.00020879140361758 0.000221955888042867 0.000205201378006359 0.000178709993691299 0.00016189858145223 0.000162479079636339 0.000162724068067776 0.000192295359571959 0.000187413703587711 0.000180585658545224 0.000202917732552222 0.000210178864985369 0.000205366879642765 0.000210236239352538 0.000183945350533627 0.000167459089228628 0.000211652316415643 0.000204726114742475 0.000210689292913864 0.00168510993546065 0.000199837969107771 0.000173216641102144 0.000161998075928791 0.000162543620387831 0.000162211603276654 0.000209181509379725 0.000193640268697237 0.000208956458278303 0.000216339995710585 0.000204730681852043 0.000193328522482314 0.00019332536548314 0.000179853351918681 0.000169687560297414 0.000183476241248951 0.000193471028718821 0.000192184055741181 0.000179253023189582 0.000161654959989679 0.000137350676849731 0.000140476101606427 0.00018558227558231 0.000175386092101505 0.000162223176985543 0.000161449742394929 0.000212075908498637 0.000178512590674392 0.000163153732438117 0.000162188554914751 0.000170860021310717 6.81713901783883e-05 3.53058736655687e-05 1.3132393644939e-05 3.03044573885196e-05 2.05586876561155e-05 1.01513692812432e-05 4.74427021975344e-06
"Immunityhybridboost_245-305" 0.000186422738213535 0.000239939473130032 0.000193313715877701 0.000192677995715714 0.000182815869541732 0.000189430058711457 0.000240735969925666 0.000232874141617953 0.000190181375345707 0.000186536618889705 0.000185564545458602 0.000184080818797333 0.000168233087337358 0.000143614702475937 0.000166110582566 0.000200612443554334 0.000191363140911093 0.000206455740731502 0.000238136508032786 0.000201211151756519 0.000209063795208791 0.000207072273028906 0.000190608659096868 0.000199837969107771 0.00226394182363717 0.00022275443723041 0.000188791160504862 0.000186338998262179 0.00018474398591947 0.000206440585340157 0.000204426237576255 0.00017372752352563 0.000190827866006586 0.000224515354571049 0.000210886805645777 0.000202386112228788 0.000223684496367371 0.000201857216489022 0.000204053273626543 0.000156990825751773 0.000167286994135082 0.000182818617547777 0.000204758510418416 0.000172868915094162 0.000150942816034117 0.000154322703458308 0.00025001768354536 0.000192941302878301 0.000184092744380522 0.000229876543068069 0.000248118530488862 0.000193891940227131 0.000185336108690301 0.000179152060187275 8.17690842135934e-05 5.27594387338106e-05 2.57744592311339e-05 3.94079612574776e-05 2.78562867637257e-05 1.31848060031694e-05 6.34125511984213e-06
"Immunityhybridboost_306-366" 0.000214733448342979 0.000340581545799531 0.000159773427903812 0.000167325562656919 0.000161121495499729 0.0001608890965874 0.000200327796567605 0.000357105957464686 0.000354745487487658 0.000330955370977871 0.000317183288104804 0.000164899655588257 0.000152467111366984 0.000122324578457278 0.000138011951942727 0.000163282757947943 0.000176839665788954 0.000186170011701113 0.000270017326868871 0.000368894376141648 0.00018578658138523 0.000202954829617491 0.000181332457537485 0.000173216641102144 0.00022275443723041 0.00532386274924585 0.000348935553214581 0.00032948450593858 0.000313769676782822 0.000177323707139458 0.000202738727386548 0.000159745960283215 0.000158755969303062 0.000193199638136143 0.000252386436957052 0.000242332208590935 0.000285672252204569 0.000353493345535141 0.000208356625726834 0.00014481922099266 0.000134821724043288 0.000152897691242716 0.000229628318609638 0.0003249902751157 0.000267742502653183 0.000138892013186697 0.000343874178785574 0.000387553063727608 0.000320685682025681 0.000190928543943483 0.000338521307108493 0.000376713538169925 0.000326397065730058 0.000176590403816884 8.16332267297689e-05 5.26933265219649e-05 2.48758502582989e-05 3.55902589295835e-05 2.54848420058515e-05 1.11042310051737e-05 8.83434809073255e-06
"Immunityhybridboost_367-427" 0.000264871244147586 0.000276340737005985 0.000141852064446814 0.000145511397775438 0.000146968648870046 0.000147043892942108 0.000169084249510631 0.000271287193368804 0.000610424310510288 0.000656745831839326 0.000679238245123391 0.000149008488083184 0.000139583202655254 0.000112063909940056 0.000124852579334484 0.00014190592494897 0.00014990721247614 0.0001739077492123 0.000261378699592363 0.00042727988187753 0.000162251586083673 0.000184310210079026 0.0001775713355823 0.000161998075928791 0.000188791160504862 0.000348935553214581 0.00767109302624506 0.000659798753004703 0.000675630009700414 0.000158309057831624 0.000173669239998002 0.000153729788891041 0.000145181178646647 0.000158664767135562 0.000217373857376437 0.000310756584983358 0.000349293120542428 0.000437406332697615 0.000172822001748212 0.00014025012696891 0.000121721195959114 0.000122889214611529 0.000189487607588254 0.000445950837238229 0.00048023259457817 0.000153424243335516 0.000260774571975901 0.000567544947436397 0.000679171233360165 0.000162453945901229 0.000259614408215188 0.000579651705112564 0.000673538434773179 0.000177708898297299 8.9065140619383e-05 5.98143361822619e-05 2.71303993780226e-05 4.0103535532562e-05 2.95215985204365e-05 1.41301554064675e-05 5.37014353480828e-06
"Immunityhybridboost_428-488" 0.000279528112347956 0.000261808866931557 0.000138862909067774 0.000141717073132793 0.000143684547945737 0.000146099322455961 0.000166926555761643 0.000251694757378305 0.000612779068755018 0.000871070876339097 0.000946459792637398 0.000145960682159532 0.000135843887896801 0.000109752172310356 0.000122243374503288 0.0001383031470684 0.000143412646684759 0.000168044836352619 0.000265464369064655 0.000394008855448462 0.000160698157369006 0.000178799298986445 0.000177413351569569 0.000162543620387831 0.000186338998262179 0.00032948450593858 0.000659798753004703 0.0535041613987342 0.000966505023141113 0.000158038322928527 0.000168644662930627 0.000151922355243734 0.000143696257439244 0.00015506785907332 0.000203653346957905 0.000315792926004874 0.000374198963629463 0.000426104137706065 0.000167304157138051 0.000138615584239466 0.000120687019840117 0.000119531736751977 0.000175741767779866 0.000456342658906608 0.000503755720087719 0.000172372075512022 0.000244696259802816 0.000533312622927022 0.000846791568446634 0.00016115029204299 0.000240785347182364 0.000572611950493009 0.000820668073570625 0.000185445029108392 0.000104448855108665 8.29937567773403e-05 4.55314863130647e-05 4.86804283226824e-05 3.77577537086066e-05 1.57811795190245e-05 1.42608513430237e-05
"Immunityhybridboost_489-549" 0.000288423271033836 0.000256244554905234 0.000138780200681674 0.000141318393205409 0.000142705799313341 0.000145189774354505 0.000165502476742117 0.000238356903293111 0.000612160812717563 0.000966019440110288 0.00109465877063295 0.0001456953490506 0.000135047989616214 0.000109746012697833 0.000122069937714378 0.000137787438503111 0.000141694258357907 0.000164638761130989 0.000270110222988515 0.00036462338199268 0.000160145841052852 0.000175515092950663 0.000176927215341312 0.000162211603276654 0.00018474398591947 0.000313769676782822 0.000675630009700414 0.000966505023141113 1.00112862899615 0.000158471211213481 0.000166486918377393 0.000151303939418342 0.00014379363224494 0.000154359302560277 0.000195246416364876 0.000318212757524725 0.000387288920823268 0.000409539030106266 0.000164497051559831 0.000137773708031265 0.000120874063993628 0.00011905393941352 0.000167801264028646 0.000461302267813133 0.000513090560338597 0.000182703485349578 0.000235850679486956 0.000497712248206896 0.00094775787967973 0.0001590033423041 0.000227473119856128 0.000558683375341518 0.000903012670089694 0.000169282321405965 8.91807014538597e-05 6.96146753924173e-05 2.95958683283403e-05 2.63615501115648e-05 2.57607285360089e-05 -1.3253202428471e-06 2.26370286329712e-05
