"(Intercept)" "Immunity_other" "Immunityboost_001-061" "Immunityboost_062-122" "Immunityboost_123-183" "Immunityboost_184-244" "Immunityboost_245-305" "Immunityboost_306-366" "Immunityfull_001-061" "Immunityfull_062-122" "Immunityfull_123-183" "Immunityfull_184-244" "Immunityfull_245-305" "Immunityfull_306-366" "Immunityfull_367-427" "Immunityfull_428-488" "Immunityfull_489-549" "Immunityhybridboost_001-061" "Immunityhybridboost_062-122" "Immunityhybridboost_123-183" "Immunityhybridboost_184-244" "Immunityhybridboost_245-305" "Immunityhybridboost_306-366" "Immunityhybridfull_001-061" "Immunityhybridfull_062-122" "Immunityhybridfull_123-183" "Immunityhybridfull_184-244" "Immunityhybridfull_245-305" "Immunityhybridfull_306-366" "Immunityhybridfull_367-427" "Immunityhybridfull_428-488" "Immunityhybridfull_489-549" "Immunityinf_062-122" "Immunityinf_123-183" "Immunityinf_184-244" "Immunityinf_245-305" "Immunityinf_306-366" "Immunityinf_367-427" "Immunityinf_428-488" "Immunityinf_489-549" "Immunitysecboost_001-061" "Immunitysecboost_062-122" "DCCI1" "DCCI2" "DCCI3" "DCCI4" "DCCI5" "DCCI6+" "AgeGr18-24" "AgeGr25-29" "AgeGr30-34" "AgeGr35-39" "AgeGr45-49" "AgeGr50-54" "AgeGr55-59" "AgeGr60-64" "AgeGr65-69" "AgeGr70-74" "AgeGr75-79" "AgeGr80+" "SexM"
"(Intercept)" 0.00109297650050772 -0.000303193157063608 -0.000304559837869439 -0.000263724481633754 -0.000256238493319452 -0.00026345453806796 -0.000246770643256766 -0.000240199032921944 -0.000313072942113527 -0.000307950331599864 -0.000324524788188124 -0.00033223144261377 -0.000300607801487408 -0.000293081281807565 -0.000298425751166719 -0.00027294112311451 -0.000264768491214571 -0.00032207577573874 -0.000288668180759104 -0.000286175513018398 -0.000291256859989097 -0.000263998721399143 -0.000270989188052894 -0.000338453524733928 -0.00033592827751195 -0.000337207976288 -0.000338030486539136 -0.000324805337289899 -0.000311245340768738 -0.000313907655922601 -0.000295265589735632 -0.000291095678543125 -0.00034932907510461 -0.000335285795497442 -0.000336284980440584 -0.000340985895780917 -0.000332997609683584 -0.000329911490544143 -0.000322068749421864 -0.000312156562294149 -0.000229024948430534 -0.000221654270239676 -0.000183532763259795 -0.000167463072395939 -0.00015348178689359 -0.000145053888108249 -0.000139737134086195 -0.000143161599331028 -0.000752809673596899 -0.000763073655154818 -0.000761059098666194 -0.000745689498811059 -0.00071863391152631 -0.000711407122266354 -0.000701539365127252 -0.000686243818144798 -0.000675227224171652 -0.000669195271323348 -0.00066787996000481 -0.000684657998979739 -0.000110516159877223
"Immunity_other" -0.000303193157063608 0.00607647329098706 0.000308984028173112 0.00031500378326844 0.000318111923932534 0.000314223179312647 0.000318324534557519 0.000322914802009715 0.000306725810748178 0.000306739952431016 0.000305007577585759 0.000306876699745472 0.00031173374820696 0.000314036771100066 0.000312232258831967 0.000316601481037256 0.000324044022636381 0.000309041386391246 0.00031415609467103 0.000314462854306313 0.000311928649180854 0.000315511399861467 0.000322622398789076 0.000307127760590449 0.000309064931675824 0.000306803169387219 0.000307731005768816 0.000310398221938177 0.000310658381573904 0.000309572819548228 0.000312928627339925 0.000317408555300218 0.000307686269886242 0.00030777075599619 0.000307522626766147 0.00030772640367546 0.00030727365176194 0.000308100309045848 0.000308277594301713 0.000309831686756326 0.000321537011626133 0.000317606600904865 -1.54277246453529e-05 -1.92034902893697e-05 -2.25655290118675e-05 -2.77907406813024e-05 -3.42333642771408e-05 -3.47052650564002e-05 -6.14767183088367e-06 6.79849165949681e-06 5.48852385259274e-06 1.61765681660113e-06 4.30978234795745e-06 7.69659525263523e-07 -1.2410575960452e-06 -2.38986821899555e-06 5.49711679064997e-06 2.82307728400633e-06 -1.43539103245307e-06 -1.54188764550286e-05 1.48408068825902e-05
"Immunityboost_001-061" -0.000304559837869439 0.000308984028173112 0.00101842611800282 0.000323784901872522 0.000319153257392696 0.000323880968992024 0.000322415838752776 0.000314682383946382 0.00030074365664019 0.000302823683674576 0.000296403738964381 0.00031328641017606 0.000318127505757293 0.000308687875976707 0.000315909626524602 0.000321231414871555 0.000309039997890109 0.000318806646528541 0.000321494644948606 0.000319419798986807 0.000323340489547154 0.000324956444486421 0.000316028252450725 0.00030353277128367 0.000310760072062206 0.000306298132931276 0.000314024690800487 0.0003180559322873 0.000315233461443633 0.000318493150959006 0.000323803987820424 0.000316709770819115 0.000303846369039296 0.000306699982602981 0.000306520527474738 0.000310781031960241 0.000310717478731074 0.000311732844058761 0.000311902936517692 0.000314543060890259 0.000320690868568335 0.000325118950034997 -9.18699295113513e-06 -1.06768684475747e-05 -1.05973824449841e-05 -9.91407244655183e-06 -7.58148107645722e-06 -7.34452496930552e-06 5.3025604809532e-05 6.63893963851446e-05 5.43983082004363e-05 3.12071858048276e-05 -1.13391738368568e-05 -1.32878318251629e-05 -1.88533057699779e-05 -2.58668249720179e-05 -2.82799924862033e-05 -9.97621614224728e-06 2.75693859654966e-06 2.68810584715403e-05 -1.33896748012574e-05
"Immunityboost_062-122" -0.000263724481633754 0.00031500378326844 0.000323784901872522 0.000850832661299365 0.000371196123205607 0.000359772156741342 0.0003814201529068 0.000389207398527647 0.000288840304263123 0.00029201293428373 0.000275842028011518 0.000302031824831512 0.00032933930646913 0.000325044862561612 0.000328352087552043 0.000358252319143243 0.000366238471669942 0.000312965533087396 0.000338934358537669 0.000337714429133739 0.000334834901155505 0.000356076615239899 0.000368111608060368 0.000284247729338902 0.000301939515847116 0.000289228793877591 0.000298853915068302 0.000314060543643797 0.000312644699960692 0.000314077239270396 0.000331220984164676 0.000342810647366486 0.000286102612242482 0.000291111066195195 0.000290144525644336 0.000295977886035548 0.00029574359607559 0.000299445530508845 0.000299818990562488 0.000308051765274014 0.000394799797983541 0.000396515361694007 -1.28383635975829e-05 -2.09698665535434e-05 -2.36033276589606e-05 -2.2288326656456e-05 -2.03600474754925e-05 -2.02343928890278e-05 4.43737436292239e-05 5.10470305284327e-05 4.42164431390643e-05 2.62369472064663e-05 -1.91133656350188e-05 -3.1900542845368e-05 -5.46313920951135e-05 -9.37062475358932e-05 -0.000119442491748592 -0.000135245022593541 -0.000133668984328553 -0.00010882230097422 -3.1210533232483e-06
"Immunityboost_123-183" -0.000256238493319452 0.000318111923932534 0.000319153257392696 0.000371196123205607 0.00161247381616476 0.00036815499814507 0.000403304508538029 0.000428879822970853 0.000286659096333396 0.000289448992543825 0.000271433004284125 0.000296031063637314 0.000330050907246384 0.000334157786398146 0.000331116780134611 0.000370760772711453 0.00039932806083613 0.000307271043819666 0.000341831861637049 0.00034190330517609 0.000332752458837191 0.000362594347009077 0.000394323047154549 0.000279543055195358 0.000298321458987516 0.000283447228433937 0.000291351555896868 0.000308467733399072 0.000309170755047955 0.000308020512949833 0.000326939475793436 0.00035226360904335 0.000281043237288951 0.000285031142579827 0.000283850151698938 0.000288957964459069 0.000288825445307048 0.000292936840823177 0.000293558339774911 0.000302462126387056 0.000426931791423945 0.000421688654600655 -1.47776045735912e-05 -2.23245110716402e-05 -2.63201410352361e-05 -2.80279301248308e-05 -2.31652676006872e-05 -3.11121369696259e-05 3.63049987225989e-05 4.17557508644981e-05 3.84541059101276e-05 2.49934635240729e-05 -1.5936103098445e-05 -2.74656971813839e-05 -4.35349060914715e-05 -7.55193498519968e-05 -0.000106577339432888 -0.00016689989578542 -0.000202762152760924 -0.000187712987626438 -6.66250634861282e-07
"Immunityboost_184-244" -0.00026345453806796 0.000314223179312647 0.000323880968992024 0.000359772156741342 0.00036815499814507 0.00148163140889383 0.000378646536192177 0.000383460452630525 0.000289991141871074 0.000293241998453066 0.000277886628985717 0.000302820012530327 0.000328817931538525 0.000323194287720107 0.000327501155990333 0.000356044923501731 0.000359091880780099 0.000313037688169803 0.000337197265804082 0.000336200186621788 0.000334428894820314 0.000354078610284285 0.000362974913048611 0.000285729703961398 0.000302550777906066 0.000290626196520843 0.000299611730687928 0.000314188574734273 0.000312557313935416 0.000314130830896471 0.000330489565024997 0.00033929924622553 0.000287279944249367 0.000292278023693893 0.000291364331379837 0.00029695698445573 0.000296579878038243 0.00030006727514126 0.000300461161860429 0.000308242468355529 0.00039055568365409 0.000394241840476725 -1.5167145224408e-05 -2.26975816946015e-05 -2.48753238966029e-05 -2.19116924958737e-05 -1.91686027160522e-05 -1.69214101978327e-05 3.92143100061189e-05 4.81572359222764e-05 4.00543113904123e-05 2.50766981905353e-05 -1.96807218465713e-05 -3.35069964210093e-05 -5.12205675219701e-05 -8.17735893440383e-05 -0.00012512242890768 -0.000136227975210849 -0.000136253828433046 -8.81107803625662e-05 -4.07583583302048e-06
"Immunityboost_245-305" -0.000246770643256766 0.000318324534557519 0.000322415838752776 0.0003814201529068 0.000403304508538029 0.000378646536192177 0.00160543914687885 0.000439330148503435 0.000283347380536875 0.000286848776432811 0.000266254274950461 0.000294618570293392 0.000333720738058989 0.000335550468605303 0.00033430341802082 0.000378889415588137 0.000404364428408812 0.000307211757710382 0.000345984168507111 0.000345929152220533 0.000337682002283249 0.0003707241875701 0.000400904218664627 0.000274528900605862 0.000296408648144141 0.000279799865729464 0.000288678574444102 0.000308871438724749 0.000309104385321137 0.000308516516302816 0.000330773254166707 0.000356054967744824 0.000276596431762783 0.000281777623309955 0.00028038101345935 0.000286380956033828 0.000286040111405163 0.000290868309463868 0.000291345121908346 0.00030177159530208 0.000441015958017259 0.000440038116342453 -1.34693419603536e-05 -2.33935086905059e-05 -2.59020821894953e-05 -2.6071570865628e-05 -2.46061408803879e-05 -1.0456863950612e-05 3.60739861793579e-05 4.50770788382608e-05 3.91281170822038e-05 2.32742300297835e-05 -1.87993603278052e-05 -3.43292293512728e-05 -5.60166877714714e-05 -0.000100898405436087 -0.000153838447265284 -0.000205979740456054 -0.000232659507645622 -0.000199818624744391 2.28413516412838e-07
"Immunityboost_306-366" -0.000240199032921944 0.000322914802009715 0.000314682383946382 0.000389207398527647 0.000428879822970853 0.000383460452630525 0.000439330148503435 0.00958640459540649 0.00028050125592195 0.000283134322142948 0.000260192777499003 0.000287383199386982 0.000333146884360033 0.000349173239409091 0.000337158960800385 0.000392652800894244 0.000456095322337455 0.00030092699512439 0.000349503094410433 0.000350519631273609 0.00033251199114625 0.000376340873865524 0.000437354036355778 0.000269475990586705 0.000291909774359901 0.000272706411383167 0.0002805584728427 0.000301835871397271 0.00030517793106928 0.000301393050701476 0.00032513385157431 0.000370623305941049 0.000270766227854003 0.000274277976133167 0.000272681354934667 0.000277891862734174 0.000278138195656186 0.000283534781042937 0.000284509161278241 0.000295411436126665 0.000477682873566932 0.000463261678834336 -1.47865384381931e-05 -2.08434562200397e-05 -2.76215883060546e-05 -2.69842748199026e-05 -1.47024055864167e-05 -1.83781692926795e-05 3.37298931123514e-05 4.17682116640122e-05 3.78019564040104e-05 2.37414282789861e-05 -1.57223472277071e-05 -3.20200179854194e-05 -4.84853174653729e-05 -7.96837284097464e-05 -0.000100518446670281 -0.000211307237621651 -0.000309680697127618 -0.00034010984226085 2.75315747478077e-07
"Immunityfull_001-061" -0.000313072942113527 0.000306725810748178 0.00030074365664019 0.000288840304263123 0.000286659096333396 0.000289991141871074 0.000283347380536875 0.00028050125592195 0.00469480996377742 0.00031801983250362 0.000327033535403276 0.000309025424773784 0.000298777019575594 0.00030267549811878 0.000300089246784834 0.000288995214661115 0.000285717704489666 0.000303254500701226 0.000294569075539256 0.000295849833090092 0.000296233994128612 0.000289201919830007 0.000285151088912844 0.000318803502855366 0.000310449357378613 0.000317046688072712 0.000308909062467116 0.000302920750070585 0.000304357676097807 0.00030303776120393 0.000294653091097727 0.000291692899816734 0.000317717874088584 0.000314642267482365 0.000315221591226412 0.000311419060186696 0.000311636603659405 0.000309674833928937 0.000309362050767487 0.000305873342545034 0.000280599062447756 0.000280778034699455 -9.88803539439842e-07 -2.64016346868596e-06 -3.49203472560471e-06 -4.08573501056861e-06 1.89478898551347e-06 -5.70839004762053e-06 -7.47093890700219e-05 -4.63641896933585e-05 -3.62990459556876e-05 -1.96470522770813e-05 1.42141860048009e-05 1.97858511556419e-05 3.02618079051442e-05 3.32600695811846e-05 3.41494244241005e-05 3.99657202363104e-05 3.86260138451192e-05 4.40986876516347e-05 -4.32502504993272e-06
"Immunityfull_062-122" -0.000307950331599864 0.000306739952431016 0.000302823683674576 0.00029201293428373 0.000289448992543825 0.000293241998453066 0.000286848776432811 0.000283134322142948 0.00031801983250362 0.0038176539764406 0.000324852176431297 0.000309741195197725 0.000300731283908727 0.000303017626655356 0.000301555623608361 0.000291912887577446 0.000286744205105947 0.00030497788719431 0.000296943505406617 0.000297900823554139 0.000298957319914618 0.000292512916551463 0.000287401753638538 0.000317770342915129 0.000310568490186068 0.000316497102147609 0.000309736569525491 0.000304491610023528 0.000305605061426483 0.000304782623764732 0.000297866954033301 0.000293405348879901 0.000316464895468584 0.000314057264515449 0.00031439551303791 0.000311437092858651 0.000311738150410998 0.000310002142599551 0.000309870694188038 0.000306873510819985 0.000283755752230805 0.000285067903143755 -3.80787278067657e-06 -2.76088624578816e-06 -3.70841532137412e-06 -3.56795507141756e-06 -1.74347732846816e-06 -3.976692953062e-08 -7.73085098700757e-05 -4.06502966294796e-05 -2.78363357503584e-05 -1.41920488968742e-05 4.47370223152501e-06 1.26729925545045e-05 1.95153481718833e-05 2.71081922652253e-05 2.57596665533226e-05 2.85649439340465e-05 2.91206805157641e-05 4.17913213514292e-05 -6.34918709261969e-06
"Immunityfull_123-183" -0.000324524788188124 0.000305007577585759 0.000296403738964381 0.000275842028011518 0.000271433004284125 0.000277886628985717 0.000266254274950461 0.000260192777499003 0.000327033535403276 0.000324852176431297 0.00178692340429047 0.000310302054830866 0.000292507635619504 0.000298112247299471 0.000294586449626752 0.00027584809006251 0.00026820558418402 0.000300612205454703 0.000285272293935005 0.000287063504886712 0.000288560178670968 0.0002764012254324 0.000268228753495304 0.000326499110641167 0.000312398136033727 0.000324321408099048 0.000310048924738273 0.000299715718932933 0.000301897418353413 0.000300128818091249 0.000286112945476801 0.000279280856922416 0.000324421419524525 0.0003189986322033 0.000319446442158261 0.000313716528454108 0.000314018211951383 0.000310566318533286 0.000310009717267735 0.000304072132707946 0.000260668337619729 0.000263294960537988 -2.23733784807478e-06 -3.06977429796425e-07 4.01404466725516e-07 1.43395180076728e-06 2.83100511483905e-06 2.26837834299822e-06 -0.000160120103262967 -5.86684452014907e-05 -2.76757328619286e-05 -1.84822975212298e-05 2.69588784667044e-05 4.58500958784367e-05 5.47947585317778e-05 5.95276279289038e-05 6.18556624231721e-05 6.79323379252296e-05 7.05557297843519e-05 8.34292921712789e-05 -8.76999290764406e-06
"Immunityfull_184-244" -0.00033223144261377 0.000306876699745472 0.00031328641017606 0.000302031824831512 0.000296031063637314 0.000302820012530327 0.000294618570293392 0.000287383199386982 0.000309025424773784 0.000309741195197725 0.000310302054830866 0.00110948679596146 0.000309523671912625 0.000303497238645262 0.000307983783770799 0.000302071280237434 0.000290452799166681 0.00031650335150261 0.000308807829142945 0.000307478079603275 0.00031154089869937 0.000305101539225975 0.000295226530682849 0.000314411627475831 0.000313879094899847 0.000314587247232177 0.000317955767024326 0.000315367593479126 0.000313456674017169 0.000315528461364316 0.000313421461274428 0.000304162456923731 0.000313745281226049 0.00031406641090473 0.000314023179519438 0.000315864706934442 0.000315737664718076 0.000315138555679205 0.000315240189811646 0.000314082610644503 0.0002885208664775 0.000290691079224408 -1.82515845387961e-06 5.94480234835106e-07 2.26132387781885e-06 3.1428212081425e-06 3.2537535138458e-06 5.10859278473429e-06 3.28681036440849e-05 5.53379321322671e-05 4.66662215544979e-05 2.75147825428566e-05 -3.19003062081331e-06 5.39345449657964e-06 1.8870177720023e-05 2.95191141033844e-05 3.660985298472e-05 4.50370157757539e-05 4.8159480064868e-05 6.62531412606857e-05 -7.39648029553422e-06
"Immunityfull_245-305" -0.000300607801487408 0.00031173374820696 0.000318127505757293 0.00032933930646913 0.000330050907246384 0.000328817931538525 0.000333720738058989 0.000333146884360033 0.000298777019575594 0.000300731283908727 0.000292507635619504 0.000309523671912625 0.00235671929500493 0.000314740835978621 0.000318449427697512 0.000329311504436307 0.000327007712302429 0.000315837385382469 0.000324375429117705 0.000323242885412837 0.000323743312518338 0.000329939194418167 0.000330368539927678 0.000300566258053331 0.000308882361636798 0.000302579789657378 0.000310423921017428 0.000317210624696271 0.000315304063154935 0.000316889688671258 0.0003260419085259 0.000326156514774663 0.00030132712368987 0.000304702331261803 0.000303850822726161 0.000307698755163767 0.000307359352567741 0.000309471782323793 0.00031004883309032 0.000313886564018387 0.000334949798310968 0.000334293802873265 -8.96513738709779e-06 -9.53772080506909e-06 -1.32683402414521e-05 -1.44063931840006e-05 -9.30707279312703e-06 -1.43859544303079e-05 4.02649886939785e-05 4.28742302465242e-05 4.24629167843011e-05 2.60412288705988e-05 -1.36160484203468e-05 -2.6060296892097e-05 -3.61202108947436e-05 -3.11603341841302e-05 -3.23989305213664e-05 -3.97999604003095e-05 -3.94856629106653e-05 -1.26996860656434e-05 1.17380175225376e-05
"Immunityfull_306-366" -0.000293081281807565 0.000314036771100066 0.000308687875976707 0.000325044862561612 0.000334157786398146 0.000323194287720107 0.000335550468605303 0.000349173239409091 0.00030267549811878 0.000303017626655356 0.000298112247299471 0.000303497238645262 0.000314740835978621 0.00533229452122449 0.000315819740895519 0.000327868440871187 0.000348043972751283 0.000307318774942503 0.000319079406821267 0.000319425023311989 0.000313894463388026 0.000323707031098086 0.000340670796927923 0.000301240840766004 0.000305883198759171 0.00030126295341348 0.000303418647051561 0.000308832595199513 0.000309904610792133 0.000308138207399312 0.000315113026105725 0.000327379755423469 0.000301913596253762 0.000302843767203559 0.000302033360205112 0.000303015244433531 0.000302568121338456 0.000304354176094159 0.000304860410865052 0.000307774899872895 0.00034345395005429 0.000335855117240992 -1.04950234495906e-05 -1.54859132286453e-05 -1.72361612080224e-05 -1.56600960206262e-05 -1.47922348843105e-05 -1.80917114591546e-05 -1.05810278175983e-05 -4.79254504269684e-06 9.73265119801118e-06 4.22279400507391e-06 -7.71679053059912e-06 -1.5429347825866e-05 -1.65422228188966e-05 -1.85458846532207e-05 -1.7302751910947e-05 -3.43335300349714e-05 -4.98578419662747e-05 -9.00555841303175e-05 2.01788139681562e-05
"Immunityfull_367-427" -0.000298425751166719 0.000312232258831967 0.000315909626524602 0.000328352087552043 0.000331116780134611 0.000327501155990333 0.00033430341802082 0.000337158960800385 0.000300089246784834 0.000301555623608361 0.000294586449626752 0.000307983783770799 0.000318449427697512 0.000315819740895519 0.00606676769615106 0.000328636446608509 0.000331828734601849 0.000313474010849349 0.000322777926537084 0.000322018942148906 0.000320985771126257 0.000328118302615636 0.000333171197322108 0.000300817910090542 0.000308139408656186 0.000302392698951144 0.000308279750602613 0.000314420092542637 0.000313264678812889 0.000314050857231036 0.000322165004651262 0.000324909747995663 0.000301579979549338 0.000303866458799007 0.000303241531857472 0.000306326163903391 0.000305874516193677 0.000307654050508594 0.00030807282519849 0.000311600289852225 0.00033813324557074 0.000337885907127166 -1.06036129006906e-05 -1.04231331440571e-05 -1.57553982064557e-05 -1.64269982962573e-05 -2.166391749982e-05 -1.95413785155052e-05 2.42251732780804e-05 4.21019958687306e-05 3.48702405926329e-05 1.71159560097227e-05 -8.78759961254978e-06 -1.66600993968254e-05 -2.48729499443602e-05 -2.47823849626233e-05 -3.40279180451771e-05 -2.84166665902266e-05 -3.74949281137481e-05 -3.08152017892642e-05 8.28235192359855e-06
"Immunityfull_428-488" -0.00027294112311451 0.000316601481037256 0.000321231414871555 0.000358252319143243 0.000370760772711453 0.000356044923501731 0.000378889415588137 0.000392652800894244 0.000288995214661115 0.000291912887577446 0.00027584809006251 0.000302071280237434 0.000329311504436307 0.000327868440871187 0.000328636446608509 0.014878572725655 0.000373698106818612 0.000313185070471265 0.000339121252049779 0.000338265889972576 0.000333146945461254 0.000354294065758876 0.00037324718455029 0.000286502445394257 0.00030310417865948 0.000290019708375048 0.00030038047824275 0.000315031394026682 0.00031418032233556 0.000314316298500692 0.000332311700880749 0.00034669448964685 0.000288051802260123 0.000292897563476593 0.000291352896217441 0.000297229297281529 0.000296526478803331 0.000300538494582188 0.000301397475470689 0.000309370855815911 0.000392759257050564 0.000390582512980244 -1.67352557058822e-05 -2.06840747572782e-05 -1.84961852011575e-05 -2.30962757574666e-05 -2.4546558321083e-05 -3.8439180037975e-05 4.45796224713466e-05 5.18210512499489e-05 5.18489320349612e-05 3.3282972903381e-05 -2.34123027075662e-05 -3.48414595342567e-05 -5.48803857033337e-05 -6.51827257678849e-05 -9.50405903379226e-05 -0.000111798658416981 -0.000138669863667905 -0.000120573900496446 1.35566653168948e-05
"Immunityfull_489-549" -0.000264768491214571 0.000324044022636381 0.000309039997890109 0.000366238471669942 0.00039932806083613 0.000359091880780099 0.000404364428408812 0.000456095322337455 0.000285717704489666 0.000286744205105947 0.00026820558418402 0.000290452799166681 0.000327007712302429 0.000348043972751283 0.000331828734601849 0.000373698106818612 0.0525188786133156 0.000303039473986745 0.000342269328064158 0.000342857370573698 0.000324198384700359 0.000359196428265257 0.000420063052071945 0.00027891908854531 0.000295786091152602 0.000279715586336282 0.000288101097715314 0.000305339246659174 0.000308504530774574 0.000303878733471808 0.000326184219235862 0.000368562096534454 0.000281489077327513 0.000283992145130743 0.00028232701956744 0.000286241749447743 0.000285280329255623 0.000291044667022041 0.000292049833287787 0.000301457890523932 0.000434259305027527 0.000412463682828558 -1.40389993213974e-05 -3.52484576784012e-05 -4.81952072422268e-05 -9.18783580894781e-06 -1.97149986669659e-05 -1.81363658636505e-07 2.59932100356005e-05 3.68843341783787e-05 2.95763353226977e-05 1.44724154718315e-05 -1.37790717448828e-05 -3.25679981035978e-05 -4.46005086021228e-05 -6.46600151971876e-05 -5.33668009963729e-05 -0.000112126959045917 -0.000179630173345328 -0.000350365963744339 3.71055015440985e-05
"Immunityhybridboost_001-061" -0.00032207577573874 0.000309041386391246 0.000318806646528541 0.000312965533087396 0.000307271043819666 0.000313037688169803 0.000307211757710382 0.00030092699512439 0.000303254500701226 0.00030497788719431 0.000300612205454703 0.00031650335150261 0.000315837385382469 0.000307318774942503 0.000313474010849349 0.000313185070471265 0.000303039473986745 0.00661188549096695 0.000318435086735906 0.000316185099814574 0.000320247820183785 0.0003171502964441 0.000308552152811851 0.00031005070887466 0.000314333537809827 0.000311260722030563 0.000319625250960303 0.000320700041984388 0.000317793780796432 0.000320658039696489 0.000323650257005483 0.000314613557863363 0.00030972743186145 0.000311870988816227 0.000311571594316728 0.00031567278581418 0.000315465735418178 0.000316053648617134 0.000316463020798032 0.000317630171624818 0.000302395150435697 0.000303375977219238 -1.43718477161855e-05 -1.77388340362807e-05 -1.53573572712942e-05 -1.43678719860038e-05 -1.51518516708571e-05 -1.30167578356087e-05 6.40787613965616e-05 7.73929488944743e-05 7.21330135799745e-05 4.27686232661247e-05 -1.12269382871223e-05 -9.4600350657635e-06 2.35759897185556e-08 1.0233580527205e-05 2.78312464591826e-05 4.05806705954921e-05 4.1129506082294e-05 5.34504067366442e-05 -5.66310872934171e-06
"Immunityhybridboost_062-122" -0.000288668180759104 0.00031415609467103 0.000321494644948606 0.000338934358537669 0.000341831861637049 0.000337197265804082 0.000345984168507111 0.000349503094410433 0.000294569075539256 0.000296943505406617 0.000285272293935005 0.000308807829142945 0.000324375429117705 0.000319079406821267 0.000322777926537084 0.000339121252049779 0.000342269328064158 0.000318435086735906 0.00592920770782848 0.000330717502218003 0.000329478731283055 0.000340087368858839 0.000345633441652645 0.000296486236868071 0.000308725482644693 0.000299179030693401 0.000309940231099521 0.00031936407991899 0.00031738147374814 0.000319014649826769 0.000331003355505466 0.000335543032677212 0.000297549145455028 0.000301497200827401 0.000300609071246887 0.000306037047383597 0.000305758184583879 0.000308355082962372 0.000309104260881527 0.000314720144948573 0.000351692129740771 0.000348458116597111 -1.8783537520055e-05 -2.42614825973971e-05 -2.63255995300845e-05 -3.59052625667775e-05 -3.64278006349603e-05 -5.63596165403095e-05 5.48944503474082e-05 6.19806815468382e-05 5.91633246463632e-05 3.60142769890134e-05 -2.1285985672898e-05 -3.20834594618699e-05 -3.77352161837208e-05 -5.14713592377051e-05 -3.76639865664396e-05 -3.82546011666617e-05 -3.5694853869646e-05 -3.96052566953024e-05 6.31202206118736e-06
"Immunityhybridboost_123-183" -0.000286175513018398 0.000314462854306313 0.000319419798986807 0.000337714429133739 0.00034190330517609 0.000336200186621788 0.000345929152220533 0.000350519631273609 0.000295849833090092 0.000297900823554139 0.000287063504886712 0.000307478079603275 0.000323242885412837 0.000319425023311989 0.000322018942148906 0.000338265889972576 0.000342857370573698 0.000316185099814574 0.000330717502218003 0.0107503671866782 0.000327438451020098 0.000338450636770626 0.000346409007090357 0.000296943599078753 0.000308137309649973 0.000299088948901435 0.000308372850298717 0.000317633544285421 0.000316104122241669 0.000316799508499846 0.000328910074922639 0.000334498048233968 0.000298068460102056 0.000301468965438902 0.000300697162689484 0.00030524062704119 0.000304858965785907 0.000307419571488887 0.00030814878958799 0.000313625750685015 0.000352642268929036 0.000348898683838579 -1.74310950762087e-05 -2.64816666521675e-05 -3.1817221309165e-05 -3.57968512770227e-05 -4.87559434097274e-05 -6.21804583995349e-05 4.24491364913144e-05 5.08261805009766e-05 4.33795148740685e-05 2.48059145156542e-05 -1.67569355082298e-05 -3.14656019664225e-05 -3.98424816265696e-05 -3.93184305149595e-05 -3.76619302826591e-05 -4.53856743106291e-05 -4.08348089087999e-05 -3.98043920473866e-05 9.62767347343028e-06
"Immunityhybridboost_184-244" -0.000291256859989097 0.000311928649180854 0.000323340489547154 0.000334834901155505 0.000332752458837191 0.000334428894820314 0.000337682002283249 0.00033251199114625 0.000296233994128612 0.000298957319914618 0.000288560178670968 0.00031154089869937 0.000323743312518338 0.000313894463388026 0.000320985771126257 0.000333146945461254 0.000324198384700359 0.000320247820183785 0.000329478731283055 0.000327438451020098 0.00786075880166494 0.000336251343133276 0.000331813898334387 0.000299171910920757 0.000310200208183833 0.000302288200256974 0.000312822742285276 0.000321074229330653 0.00031810702312556 0.000320825381460898 0.000331632514351703 0.000328039279900098 0.000299925966840853 0.000304207307663171 0.000303496099065587 0.000308894836500127 0.000308639392590589 0.000310888948638197 0.000311443319811269 0.000316324824166973 0.000338416556393825 0.000341881364519249 -1.84291762591931e-05 -2.60982033460332e-05 -2.75407718244288e-05 -2.97305817618647e-05 -3.53669863381726e-05 -3.08885647771074e-05 5.69921062878534e-05 6.39265240610197e-05 5.77975179288624e-05 3.45733680414711e-05 -2.15668874483108e-05 -3.02749238014728e-05 -3.8288737989886e-05 -4.83336566986386e-05 -4.38209127366952e-05 -3.32138378882421e-05 -3.05092335587931e-05 9.63997679532973e-06 1.40891178943022e-06
"Immunityhybridboost_245-305" -0.000263998721399143 0.000315511399861467 0.000324956444486421 0.000356076615239899 0.000362594347009077 0.000354078610284285 0.0003707241875701 0.000376340873865524 0.000289201919830007 0.000292512916551463 0.0002764012254324 0.000305101539225975 0.000329939194418167 0.000323707031098086 0.000328118302615636 0.000354294065758876 0.000359196428265257 0.0003171502964441 0.000340087368858839 0.000338450636770626 0.000336251343133276 0.0112354956327775 0.000363493632875085 0.000287633904593763 0.000304843617686059 0.000292114309162289 0.000304187591815132 0.000318608444421193 0.000316603837880407 0.000318305643507775 0.000335936903566461 0.000344426535181007 0.000289212511059493 0.000294680653295112 0.000293528684480682 0.000300025866691024 0.000299979281699904 0.000303719516728662 0.000304520688406005 0.000312716163831973 0.000381052473661086 0.000382035107113866 -1.858275007677e-05 -2.78909509150241e-05 -3.26733389103097e-05 -2.7426583566887e-05 -4.59972293512641e-05 -5.13337370203664e-05 4.61544226011602e-05 5.72785911414784e-05 4.97951941793822e-05 3.04076261028153e-05 -2.83849130536621e-05 -4.85864504496669e-05 -6.70563154045393e-05 -9.28790420987869e-05 -8.93150917778296e-05 -0.000105849989920347 -0.000102650347159737 -8.18089909370596e-05 2.37866706915987e-06
"Immunityhybridboost_306-366" -0.000270989188052894 0.000322622398789076 0.000316028252450725 0.000368111608060368 0.000394323047154549 0.000362974913048611 0.000400904218664627 0.000437354036355778 0.000285151088912844 0.000287401753638538 0.000268228753495304 0.000295226530682849 0.000330368539927678 0.000340670796927923 0.000333171197322108 0.00037324718455029 0.000420063052071945 0.000308552152811851 0.000345633441652645 0.000346409007090357 0.000331813898334387 0.000363493632875085 0.203485682127061 0.000281172186068158 0.000299676575707314 0.000282631116187837 0.00029336080449486 0.000310620924929414 0.000312551247113674 0.000308120429689872 0.000332069436267677 0.000364677931997795 0.000283139297695224 0.000286118092322833 0.000284386840820826 0.00029014692741139 0.000289654321732966 0.000294341144296169 0.000295339325020741 0.000305250565650814 0.000428432880747753 0.000419169094846173 -1.4120942174536e-05 -3.19893089396818e-05 -3.37198497460403e-05 -4.58737301758224e-05 -0.000137306493924251 -7.26451243940163e-05 4.98248858937425e-05 6.16836619460772e-05 5.51961060756089e-05 3.51490365179204e-05 -1.00883542124296e-05 -2.45815387934917e-05 -4.97667966200004e-05 -3.85290600413865e-05 -5.69154797124594e-05 -0.000107503942820148 -0.00015208500327642 -0.000219912996322043 2.12760753353271e-05
"Immunityhybridfull_001-061" -0.000338453524733928 0.000307127760590449 0.00030353277128367 0.000284247729338902 0.000279543055195358 0.000285729703961398 0.000274528900605862 0.000269475990586705 0.000318803502855366 0.000317770342915129 0.000326499110641167 0.000314411627475831 0.000300566258053331 0.000301240840766004 0.000300817910090542 0.000286502445394257 0.00027891908854531 0.00031005070887466 0.000296486236868071 0.000296943599078753 0.000299171910920757 0.000287633904593763 0.000281172186068158 0.0340737293120149 0.000315833911818453 0.00032179638457713 0.000317251550241474 0.0003097363579651 0.000309873807028553 0.000309160523468695 0.000300561371875334 0.00029197188553616 0.000323079185783899 0.000319965076937362 0.000320212492061959 0.000317970091334902 0.000317533427949336 0.000315450032183252 0.000315345542550044 0.000311204477821059 0.000267857891003812 0.000265441289529587 -1.25065718068921e-05 -1.16141599440729e-05 -1.12987517083886e-05 -2.65439355784839e-05 -1.84626938183683e-05 -1.12249375153241e-05 -3.64647254001551e-05 1.02214200457878e-05 1.39376510570456e-05 3.92899050726482e-06 8.53631858545204e-06 3.5880802840479e-05 5.39452548311429e-05 7.56900754884422e-05 8.4120646110524e-05 8.6869782121208e-05 8.03845868363356e-05 9.76112905512839e-05 5.15619685487197e-06
"Immunityhybridfull_062-122" -0.00033592827751195 0.000309064931675824 0.000310760072062206 0.000301939515847116 0.000298321458987516 0.000302550777906066 0.000296408648144141 0.000291909774359901 0.000310449357378613 0.000310568490186068 0.000312398136033727 0.000313879094899847 0.000308882361636798 0.000305883198759171 0.000308139408656186 0.00030310417865948 0.000295786091152602 0.000314333537809827 0.000308725482644693 0.000308137309649973 0.000310200208183833 0.000304843617686059 0.000299676575707314 0.000315833911818453 0.0108648654637896 0.000315172522710776 0.000316430913458587 0.000314454989081631 0.000313139582281367 0.000313704022462042 0.000311467470587461 0.000305350445411521 0.000315626271973063 0.000314817138214806 0.000314905404555341 0.000315490879178909 0.000314887475595703 0.000314304333293541 0.00031429764324464 0.000313297368753342 0.000292729495269691 0.000291138665574995 -1.45253844395425e-05 -1.42498331120885e-05 -1.98295886986607e-05 -2.49830740965681e-05 -1.99486162138677e-05 -2.90956276426399e-05 2.21721669423213e-05 4.55734103333107e-05 5.08747906652929e-05 2.34300008314661e-05 1.15687137674425e-05 2.60226504437282e-05 3.93051906504297e-05 4.37792596064371e-05 5.44768244859916e-05 5.95613215236871e-05 5.87060002794275e-05 7.77572337332148e-05 5.38467788965106e-06
"Immunityhybridfull_123-183" -0.000337207976288 0.000306803169387219 0.000306298132931276 0.000289228793877591 0.000283447228433937 0.000290626196520843 0.000279799865729464 0.000272706411383167 0.000317046688072712 0.000316497102147609 0.000324321408099048 0.000314587247232177 0.000302579789657378 0.00030126295341348 0.000302392698951144 0.000290019708375048 0.000279715586336282 0.000311260722030563 0.000299179030693401 0.000299088948901435 0.000302288200256974 0.000292114309162289 0.000282631116187837 0.00032179638457713 0.000315172522710776 0.00588637218582991 0.000316768368244318 0.000310652556857634 0.000310193746262046 0.000310467688493779 0.000302981601862188 0.00029372066335576 0.000320617010533086 0.000318228510371329 0.00031834264188804 0.00031700282606873 0.000316700321480749 0.000314938860864041 0.000314702919350338 0.000311407129048468 0.000272907515033413 0.000273157525024778 -1.12336288189567e-05 -1.19963613078727e-05 -7.86573017106263e-06 -1.33004742393683e-05 -3.69825516110281e-06 -6.58654048774089e-06 -4.09447799434802e-05 1.97173117436408e-05 3.26315485445599e-05 1.28800126929189e-05 1.61627392481512e-05 3.45337770914563e-05 4.69126366555582e-05 5.74523994475571e-05 6.95743628549873e-05 7.45500885001345e-05 7.54204220176713e-05 9.54951946097849e-05 -1.69393304959791e-06
"Immunityhybridfull_184-244" -0.000338030486539136 0.000307731005768816 0.000314024690800487 0.000298853915068302 0.000291351555896868 0.000299611730687928 0.000288678574444102 0.0002805584728427 0.000308909062467116 0.000309736569525491 0.000310048924738273 0.000317955767024326 0.000310423921017428 0.000303418647051561 0.000308279750602613 0.00030038047824275 0.000288101097715314 0.000319625250960303 0.000309940231099521 0.000308372850298717 0.000312822742285276 0.000304187591815132 0.00029336080449486 0.000317251550241474 0.000316430913458587 0.000316768368244318 0.00423524096537597 0.000319080231803458 0.000316648488868111 0.000318727040159918 0.000317237568413094 0.000305474108129256 0.000316565449666294 0.000317099606184533 0.000316931818401278 0.000319180094767132 0.000318764356810002 0.000318391517843445 0.000318716689013959 0.000317563568928911 0.000280397336286358 0.000279305081236438 -1.13131112496953e-05 -1.07388288237956e-05 -1.02385551373748e-05 -1.26196185591726e-05 -9.85230993504395e-06 -9.02312730574659e-06 4.73545695700342e-05 6.60814728567287e-05 6.00643561010876e-05 3.36490677872552e-05 -6.55313963869166e-06 5.49376841411825e-06 1.86400616694247e-05 4.41679070700255e-05 6.25511157437177e-05 6.92899299174825e-05 7.37760895621966e-05 8.81003876492585e-05 2.17259785404261e-06
"Immunityhybridfull_245-305" -0.000324805337289899 0.000310398221938177 0.0003180559322873 0.000314060543643797 0.000308467733399072 0.000314188574734273 0.000308871438724749 0.000301835871397271 0.000302920750070585 0.000304491610023528 0.000299715718932933 0.000315367593479126 0.000317210624696271 0.000308832595199513 0.000314420092542637 0.000315031394026682 0.000305339246659174 0.000320700041984388 0.00031936407991899 0.000317633544285421 0.000321074229330653 0.000318608444421193 0.000310620924929414 0.0003097363579651 0.000314454989081631 0.000310652556857634 0.000319080231803458 0.00885567533647399 0.000318723494316703 0.000321017426306532 0.000326051408103863 0.000317959471194488 0.00031015275534018 0.000312637131466803 0.000312120819264645 0.00031578123043787 0.000315141625684617 0.000316396507984648 0.000316880205282364 0.000318737016144549 0.000303307560407799 0.000303080256320872 -1.61831937673619e-05 -2.08512887084247e-05 -2.59707182042048e-05 -1.92705630512404e-05 -2.087388805416e-05 -2.24589068812598e-05 6.06035509378152e-05 6.98384192910971e-05 6.59143343990843e-05 3.6128232183868e-05 -5.06344905654471e-06 -1.23986488285244e-05 -6.51486055381335e-06 5.55881172835216e-06 2.56163838186674e-05 3.36971675859706e-05 3.59204544123899e-05 6.11772015192136e-05 1.41526394027373e-05
"Immunityhybridfull_306-366" -0.000311245340768738 0.000310658381573904 0.000315233461443633 0.000312644699960692 0.000309170755047955 0.000312557313935416 0.000309104385321137 0.00030517793106928 0.000304357676097807 0.000305605061426483 0.000301897418353413 0.000313456674017169 0.000315304063154935 0.000309904610792133 0.000313264678812889 0.00031418032233556 0.000308504530774574 0.000317793780796432 0.00031738147374814 0.000316104122241669 0.00031810702312556 0.000316603837880407 0.000312551247113674 0.000309873807028553 0.000313139582281367 0.000310193746262046 0.000316648488868111 0.000318723494316703 0.0175809544193665 0.000318043815622325 0.000322340788267413 0.000318066476364019 0.000309872418605145 0.00031195155794075 0.000311175992461284 0.000313987913252932 0.000313629604232799 0.000314621471128856 0.000315164729468122 0.000316668802985765 0.000305086126276512 0.000304404138196217 -1.63431069749807e-05 -2.18147856527373e-05 -1.42286892457962e-05 -2.33395128653841e-05 -3.21133671719388e-05 -2.29521642680288e-05 3.33669514945336e-05 3.23345189112021e-05 4.6896218117483e-05 1.89065712399018e-05 -1.7761693512511e-05 -2.03133377668856e-05 -1.29027087223587e-05 -3.035448030947e-06 1.87019908244622e-05 1.96738277112621e-05 1.98283423778783e-05 3.45072879410461e-05 1.39331092111193e-05
