"(Intercept)" "Immunity_other" "Immunityboost_001-061" "Immunityboost_062-122" "Immunityboost_123-183" "Immunityboost_184-244" "Immunityboost_245-305" "Immunityboost_306-366" "Immunityfull_001-061" "Immunityfull_062-122" "Immunityfull_123-183" "Immunityfull_184-244" "Immunityfull_245-305" "Immunityfull_306-366" "Immunityfull_367-427" "Immunityfull_428-488" "Immunityfull_489-549" "Immunityhybridboost_001-061" "Immunityhybridboost_062-122" "Immunityhybridboost_123-183" "Immunityhybridboost_184-244" "Immunityhybridboost_245-305" "Immunityhybridboost_306-366" "Immunityhybridfull_001-061" "Immunityhybridfull_062-122" "Immunityhybridfull_123-183" "Immunityhybridfull_184-244" "Immunityhybridfull_245-305" "Immunityhybridfull_306-366" "Immunityhybridfull_367-427" "Immunityhybridfull_428-488" "Immunityhybridfull_489-549" "Immunityinf_062-122" "Immunityinf_123-183" "Immunityinf_184-244" "Immunityinf_245-305" "Immunityinf_306-366" "Immunityinf_367-427" "Immunityinf_428-488" "Immunityinf_489-549" "Immunitysecboost_001-061" "Immunitysecboost_062-122" "DCCI1" "DCCI2" "DCCI3" "DCCI4" "DCCI5" "DCCI6+" "AgeGr18-24" "AgeGr25-29" "AgeGr30-34" "AgeGr35-39" "AgeGr45-49" "AgeGr50-54" "AgeGr55-59" "AgeGr60-64" "AgeGr65-69" "AgeGr70-74" "AgeGr75-79" "AgeGr80+" "SexM"
"(Intercept)" 0.00109297644974114 -0.000303193263094415 -0.000304559988507806 -0.000263724696952805 -0.000256238637013033 -0.000263454711731541 -0.000246770815757687 -0.000240199127892569 -0.000313072707577019 -0.000307945206857143 -0.000324524410729709 -0.000332231418859149 -0.00030060793619185 -0.000293081327707454 -0.000298425925915494 -0.000272941306624539 -0.000264768687066381 -0.000322075885275936 -0.000288668470194076 -0.00028617574229435 -0.000291257110271836 -0.000263999008311641 -0.00027098960682288 -0.000338453350284572 -0.000335928280882741 -0.000337207810981004 -0.000338030495038073 -0.000324805549293768 -0.0003112455638851 -0.000313907796793074 -0.000295265908098528 -0.000291096150391163 -0.000349328955285847 -0.000335285682702047 -0.000336284840867752 -0.000340985836367759 -0.000332997601277678 -0.000329911514790733 -0.000322068726571134 -0.000312156608459608 -0.000229025068190639 -0.000221654812844354 -0.000183532725109847 -0.00016746294761164 -0.0001534815989565 -0.000145053634373969 -0.000139734212361978 -0.000143161263497692 -0.000752810113686373 -0.000763074060467681 -0.000761059398639625 -0.000745689665575584 -0.000718633879655954 -0.000711407053906914 -0.000701539275740044 -0.000686242583876222 -0.000675227118825634 -0.000669195182006528 -0.000667879939862901 -0.000684658018609233 -0.000110516781775453
"Immunity_other" -0.000303193263094415 0.00607647250633984 0.000308983955702622 0.000315003658196825 0.000318111820675816 0.00031422306931239 0.000318324409167779 0.000322914708921627 0.000306725837886974 0.000306743880859212 0.000305007639148271 0.000306876685898203 0.000311733676894669 0.000314036711748771 0.000312232169314778 0.000316601382763733 0.000324043924672378 0.000309041329694813 0.000314155975658466 0.000314462725806641 0.000311928525713176 0.000315511241935789 0.000322622127586453 0.000307127786526914 0.000309064908447266 0.000306803196253246 0.000307730991130112 0.000310398156994236 0.000310658308411339 0.000309572782466077 0.000312928477416331 0.000317408347960692 0.00030768627990919 0.000307770767294041 0.000307522642319786 0.000307726397012529 0.00030727362859142 0.000308100287965781 0.000308277577905094 0.000309831625385731 0.000321536869260128 0.000317606125043378 -1.54277513057635e-05 -1.92034628770637e-05 -2.25654289978109e-05 -2.77905673074741e-05 -3.4231092272125e-05 -3.47051465630068e-05 -6.1478274454969e-06 6.79844948579591e-06 5.488477041451e-06 1.61764096975414e-06 4.30980146411879e-06 7.69703724725112e-07 -1.24102466390057e-06 -2.38903857082752e-06 5.49709619927508e-06 2.8228945683313e-06 -1.43559538358908e-06 -1.54190145349595e-05 1.48407231413161e-05
"Immunityboost_001-061" -0.000304559988507806 0.000308983955702622 0.00101842604751365 0.000323784858787048 0.000319153234018386 0.000323880938450418 0.000322415806865859 0.000314682396233618 0.000300743628937643 0.000302827835778249 0.000296403719055762 0.000313286422610523 0.000318127484126227 0.000308687829211576 0.000315909582733665 0.000321231381855545 0.00030903995691752 0.000318806658089012 0.000321494601378892 0.000319419753349016 0.000323340443033226 0.000324956382620211 0.000316028241682149 0.000303532780512395 0.000310760050181392 0.000306298131018722 0.00031402470914176 0.000318055918305228 0.000315233412346182 0.000318493144438229 0.00032380396318973 0.000316709678051794 0.000303846358302097 0.000306699974183337 0.000306520525798066 0.000310781038746435 0.000310717456914361 0.00031173283184616 0.000311902933937772 0.000314543040067658 0.000320690809493208 0.0003251186041105 -9.18700859751951e-06 -1.06768605874262e-05 -1.05973270033263e-05 -9.91399372310057e-06 -7.57899867751692e-06 -7.34435250543682e-06 5.30258602309772e-05 6.63896842920574e-05 5.43984940844191e-05 3.12072789384488e-05 -1.13392081318082e-05 -1.32878861139886e-05 -1.88533613044527e-05 -2.58659354562376e-05 -2.82800491946391e-05 -9.97630455722592e-06 2.75680905419289e-06 2.68808427316143e-05 -1.33898194471687e-05
"Immunityboost_062-122" -0.000263724696952805 0.000315003658196825 0.000323784858787048 0.000850832700108057 0.000371196316434434 0.000359772250079712 0.00038142038023424 0.000389207767093103 0.000288840314615289 0.000292023133952774 0.000275842055132358 0.000302031830483838 0.000329339304418368 0.000325044852871817 0.000328352020082418 0.000358252422390188 0.000366238683153162 0.000312965483314329 0.000338934279986313 0.000337714336901132 0.000334834803335384 0.000356076573072866 0.000368111480248672 0.000284247744659241 0.000301939464131213 0.000289228807956062 0.000298853914247884 0.000314060463506354 0.000312644571899773 0.000314077211498547 0.000331220804913002 0.000342810335970438 0.000286102586976882 0.000291111057242525 0.000290144539568977 0.000295977889224811 0.000295743525544137 0.000299445477267684 0.000299818963997055 0.000308051679691575 0.000394800065697078 0.000396514926364251 -1.28383906804774e-05 -2.09698423695141e-05 -2.36032246326394e-05 -2.2288087787417e-05 -2.03540636569904e-05 -2.02339843460687e-05 4.43739620298129e-05 5.10472439138171e-05 4.42165912706615e-05 2.62370228505515e-05 -1.91134398778289e-05 -3.1900710691404e-05 -5.46316345948414e-05 -9.37043902697993e-05 -0.000119443080665257 -0.000135245766218148 -0.000133669821742563 -0.000108823311833911 -3.12137145173265e-06
"Immunityboost_123-183" -0.000256238637013033 0.000318111820675816 0.000319153234018386 0.000371196316434434 0.00161247405346654 0.00036815519106059 0.000403304910702151 0.000428880388264156 0.000286659080407198 0.000289456796953362 0.000271432984536992 0.000296031046970451 0.000330050942169695 0.000334157818890308 0.000331116748220922 0.000370761001588247 0.000399328477160506 0.000307270981248109 0.000341831849016457 0.000341903266667305 0.000332752418063181 0.000362594425845392 0.000394322961771793 0.000279543012130428 0.000298321393718387 0.000283447206553264 0.000291351531252856 0.000308467651865052 0.000309170641849161 0.000308020496736366 0.000326939291999634 0.000352263342471228 0.000281043170325578 0.000285031104844291 0.000283850134796845 0.000288957942463538 0.000288825358802616 0.00029293676892687 0.000293558296102412 0.000302462034921389 0.000426932292637759 0.000421688545597535 -1.47776377227132e-05 -2.23245031336124e-05 -2.63200693901229e-05 -2.80277282888128e-05 -2.31606396114131e-05 -3.11117471627122e-05 3.63052220513911e-05 4.1755947919419e-05 3.84542506850467e-05 2.49935513352781e-05 -1.59361603100429e-05 -2.74658532936912e-05 -4.3535133995986e-05 -7.55179351932905e-05 -0.000106577854868195 -0.000166900597491873 -0.000202763067595594 -0.000187714139075099 -6.66504567939166e-07
"Immunityboost_184-244" -0.000263454711731541 0.00031422306931239 0.000323880938450418 0.000359772250079712 0.00036815519106059 0.00148163141253982 0.000378646769388877 0.000383460808112478 0.000289991136638055 0.000293250459924276 0.000277886635552246 0.000302820013257577 0.000328817935450915 0.000323194279515903 0.000327501100031747 0.000356045018103433 0.000359092075164286 0.000313037648641177 0.000337197211217105 0.000336200119731198 0.000334428823893883 0.000354078603527528 0.000362974861700676 0.000285729701808793 0.000302550725857364 0.000290626196341986 0.00029961172512614 0.000314188505162524 0.00031255720181347 0.000314130808195541 0.000330489418121978 0.00033929899261576 0.00028727990992609 0.000292278003891394 0.000291364331948212 0.000296956979979222 0.000296579808524456 0.00030006722138721 0.000300461130778336 0.000308242396122879 0.000390555943633309 0.000394241544716565 -1.51671786853916e-05 -2.26975717950533e-05 -2.48752113728115e-05 -2.19114206562013e-05 -1.91635960665994e-05 -1.6920998726077e-05 3.9214531386928e-05 4.81574638609797e-05 4.00544588729018e-05 2.50767857382033e-05 -1.96807955275489e-05 -3.35071493006426e-05 -5.12207731889466e-05 -8.17720148753814e-05 -0.000125122911453619 -0.000136228618516902 -0.000136254562036202 -8.81117192556087e-05 -4.07613637466952e-06
"Immunityboost_245-305" -0.000246770815757687 0.000318324409167779 0.000322415806865859 0.00038142038023424 0.000403304910702151 0.000378646769388877 0.00160543953565779 0.000439330825681654 0.000283347373280639 0.000286858948823558 0.000266254268035536 0.000294618552857481 0.000333720778069912 0.000335550506471041 0.000334303375826087 0.000378889667295575 0.000404364886457286 0.000307211677509272 0.000345984133846136 0.000345929093181089 0.000337681939979334 0.000370724260975693 0.000400904119952643 0.000274528862214651 0.00029640857075566 0.000279799847752279 0.000288678541767037 0.000308871334380401 0.000309104239237726 0.000308516488834453 0.000330773025414567 0.000356054631035164 0.000276596359591668 0.000281777581011708 0.000280380997037172 0.000286380930918019 0.000286040003818657 0.000290868220464565 0.000291345065083287 0.000301771481837783 0.00044101653501774 0.000440037958115587 -1.34693623667078e-05 -2.33934703452275e-05 -2.59019281475302e-05 -2.6071271055479e-05 -2.46000753145239e-05 -1.04562816368215e-05 3.60742013536261e-05 4.50772973514618e-05 3.91282736689698e-05 2.3274310736371e-05 -1.8799454296817e-05 -3.43294108288216e-05 -5.60169907508011e-05 -0.000100896618075497 -0.00015383914025504 -0.000205980790573118 -0.000232660836716591 -0.00019982007249041 2.28079368657963e-07
"Immunityboost_306-366" -0.000240199127892569 0.000322914708921627 0.000314682396233618 0.000389207767093103 0.000428880388264156 0.000383460808112478 0.000439330825681654 0.00958640481969281 0.000280501208505817 0.000283140485729462 0.000260192697587253 0.000287383168383626 0.000333146984273401 0.000349173327535646 0.000337158982202803 0.000392653252270658 0.000456096048427526 0.000300926922510619 0.000349503169528136 0.000350519661614871 0.000332512031422671 0.000376341119056071 0.000437353941600117 0.000269475885394278 0.000291909696406452 0.000272706353972134 0.000280558434646846 0.000301835794185636 0.00030517783199104 0.000301393057247494 0.000325133663133914 0.000370623049209639 0.000270766109716132 0.000274277910452951 0.000272681307964485 0.000277891824930089 0.000278138092767477 0.000283534689262757 0.000284509105764078 0.000295411333077906 0.000477683738193709 0.00046326193498873 -1.47865899898392e-05 -2.08434534495372e-05 -2.76215161193677e-05 -2.69841780010186e-05 -1.46985795579638e-05 -1.83777391403373e-05 3.37301858402259e-05 4.17684901074161e-05 3.78021626488752e-05 2.37415379785241e-05 -1.57224317351341e-05 -3.20201977580841e-05 -4.84855974204937e-05 -7.96826920380502e-05 -0.000100518968504426 -0.00021130805774955 -0.000309681892828893 -0.000340111142054316 2.75120763664826e-07
"Immunityfull_001-061" -0.000313072707577019 0.000306725837886974 0.000300743628937643 0.000288840314615289 0.000286659080407198 0.000289991136638055 0.000283347373280639 0.000280501208505817 0.00469480953343416 0.000318014995332607 0.000327033440729278 0.000309025348241436 0.000298777000866254 0.000302675497981142 0.000300089255567462 0.000288995196604453 0.000285717689078566 0.000303254456920217 0.000294569098767895 0.000295849868396421 0.000296234012226864 0.000289201963400058 0.000285151231548168 0.000318803409359422 0.000310449313166878 0.000317046604275431 0.000308908982927673 0.000302920727437541 0.000304357682420501 0.000303037717008064 0.000294653135310816 0.000291693041846113 0.000317717804358408 0.000314642194983739 0.000315221502422329 0.000311418980509399 0.000311636553770217 0.000309674781752029 0.00030936198884574 0.000305873325495739 0.000280599067960399 0.00028077834797445 -9.88825591982561e-07 -2.64021371966929e-06 -3.49213124686535e-06 -4.08587700521729e-06 1.89200580551992e-06 -5.70857224833445e-06 -7.47096219519511e-05 -4.636424811433e-05 -3.62990277455874e-05 -1.96470329034429e-05 1.42141923091667e-05 1.97858246401818e-05 3.02617867603122e-05 3.32590039163269e-05 3.41494704850209e-05 3.99657547656829e-05 3.86262013812505e-05 4.40988516368294e-05 -4.32480919957121e-06
"Immunityfull_062-122" -0.000307945206857143 0.000306743880859212 0.000302827835778249 0.000292023133952774 0.000289456796953362 0.000293250459924276 0.000286858948823558 0.000283140485729462 0.000318014995332607 0.00381764761341531 0.000324844635626004 0.000309739912463138 0.000300736060779546 0.000303020412779553 0.000301560768461897 0.000291921293254401 0.00028675165003776 0.000304980466411691 0.000296952965889694 0.00029790990553049 0.000298966338174284 0.000292526036329231 0.000287420754954248 0.000317765916943383 0.000310568626489945 0.000316493104609032 0.0003097357892928 0.000304495808744009 0.000305609882255984 0.000304784974061151 0.000297878255279021 0.000293421780161632 0.000316462061477929 0.000314054967678337 0.000314392440914953 0.000311435530460756 0.000311737793574594 0.000310002177743739 0.000309870254954475 0.000306876286790865 0.000283767569110683 0.000285106311464983 -3.80929221235396e-06 -2.76521091148645e-06 -3.71695064868831e-06 -3.5815982410927e-06 -1.99214856552455e-06 -5.93124425463306e-08 -7.72981089440594e-05 -4.06425294697563e-05 -2.78301198617745e-05 -1.41885911352669e-05 4.47316215711026e-06 1.26726455047707e-05 1.95152942011225e-05 2.70155466368532e-05 2.57648270985947e-05 2.85759994512228e-05 2.91376004009841e-05 4.18160600634926e-05 -6.33404586115375e-06
"Immunityfull_123-183" -0.000324524410729709 0.000305007639148271 0.000296403719055762 0.000275842055132358 0.000271432984536992 0.000277886635552246 0.000266254268035536 0.000260192697587253 0.000327033440729278 0.000324844635626004 0.00178692320426141 0.000310301959679575 0.000292507620452525 0.000298112255797204 0.000294586480725792 0.000275848067381996 0.0002682055321744 0.000300612158966091 0.000285272342155391 0.000287063573746157 0.000288560226391005 0.000276401304665128 0.000268228976148712 0.000326498994867233 0.000312398091487285 0.000324321309553601 0.00031004882152379 0.000299715700001716 0.00030189744458378 0.000300128769861093 0.000286113022800844 0.000279281068322258 0.000324421336248167 0.000318998536674365 0.000319446321571856 0.000313716422170304 0.000314018154646384 0.000310566252504733 0.000310009636929019 0.000304072120661885 0.000260668347139888 0.000263295482377003 -2.23737089022247e-06 -3.07064518767974e-07 4.01214181740617e-07 1.43368598266829e-06 2.82656486593998e-06 2.26798572418723e-06 -0.00016012057065062 -5.86684876588791e-05 -2.76756781421098e-05 -1.84822444626258e-05 2.69588795198744e-05 4.58500982723275e-05 5.47947509623457e-05 5.95259330184331e-05 6.18557381051519e-05 6.79324562219592e-05 7.05559703921748e-05 8.34296528362635e-05 -8.76972685905279e-06
"Immunityfull_184-244" -0.000332231418859149 0.000306876685898203 0.000313286422610523 0.000302031830483838 0.000296031046970451 0.000302820013257577 0.000294618552857481 0.000287383168383626 0.000309025348241436 0.000309739912463138 0.000310301959679575 0.00110948671299887 0.000309523669536615 0.000303497209488569 0.000307983788708998 0.000302071270766573 0.000290452758007201 0.000316503371056256 0.000308807862958054 0.000307478112965032 0.000311540931764731 0.000305101574919954 0.000295226651612168 0.000314411567583682 0.000313879071019081 0.000314587189780274 0.000317955749600457 0.000315367606504617 0.000313456678451488 0.000315528461131297 0.000313421526693017 0.000304162549096341 0.000313745230006441 0.000314066360998886 0.000314023123692881 0.000315864671539534 0.000315737637586842 0.000315138533383717 0.000315240165013557 0.000314082609338421 0.000288520830811439 0.000290691118355503 -1.82517716319312e-06 5.94460017193843e-07 2.26128217130531e-06 3.14274663579827e-06 3.25301826454729e-06 5.10849639188615e-06 3.28682588456442e-05 5.53381719002671e-05 4.66663886347693e-05 2.75148660439492e-05 -3.19000216574628e-06 5.39346810579339e-06 1.88702194775917e-05 2.95189088113616e-05 3.66099507459627e-05 4.50371067565065e-05 4.81596295186308e-05 6.62532530126257e-05 -7.39646079156687e-06
"Immunityfull_245-305" -0.00030060793619185 0.000311733676894669 0.000318127484126227 0.000329339304418368 0.000330050942169695 0.000328817935450915 0.000333720778069912 0.000333146984273401 0.000298777000866254 0.000300736060779546 0.000292507620452525 0.000309523669536615 0.00235671908759175 0.00031474080818359 0.000318449384129727 0.00032931151247647 0.000327007743907643 0.000315837375166592 0.000324375396315889 0.000323242841716445 0.000323743268023217 0.000329939164881095 0.000330368509457903 0.000300566255822807 0.000308882336080215 0.000302579782185773 0.000310423923380221 0.00031721059694226 0.000315304011348911 0.00031688968171054 0.000326041858259378 0.000326156406281864 0.000301327102965559 0.000304702316345412 0.000303850817604439 0.000307698748789656 0.000307359316896694 0.000309471758388735 0.000310048820550889 0.000313886526895366 0.000334949826003613 0.000334293495563853 -8.9651715625774e-06 -9.53772394230673e-06 -1.3268273359336e-05 -1.44063249996018e-05 -9.30427425617242e-06 -1.43857547746637e-05 4.02651564116366e-05 4.28743853849719e-05 4.24630412143067e-05 2.60412919403759e-05 -1.36160751232428e-05 -2.60603653435214e-05 -3.61202986796396e-05 -3.11593645892591e-05 -3.2399075037421e-05 -3.98002033966712e-05 -3.94859060995771e-05 -1.27000753324316e-05 1.17378837513872e-05
"Immunityfull_306-366" -0.000293081327707454 0.000314036711748771 0.000308687829211576 0.000325044852871817 0.000334157818890308 0.000323194279515903 0.000335550506471041 0.000349173327535646 0.000302675497981142 0.000303020412779553 0.000298112255797204 0.000303497209488569 0.00031474080818359 0.00533229397914061 0.000315819694270421 0.000327868477137799 0.000348044088889125 0.000307318722660486 0.000319079362237669 0.0003194249592253 0.000313894403507746 0.000323706992915243 0.000340670626870632 0.000301240828291307 0.000305883166399409 0.000301262946033483 0.000303418622092515 0.000308832544432042 0.000309904558344577 0.000308138181871153 0.000315112927219371 0.000327379616308443 0.0003019135717412 0.000302843754753285 0.000302033351254674 0.000303015223177192 0.00030256808258157 0.000304354142210602 0.000304860383410149 0.000307774840794283 0.000343454023487841 0.000335854948382002 -1.04950423437161e-05 -1.54859442088788e-05 -1.72361657260088e-05 -1.56600493512979e-05 -1.47905919131064e-05 -1.80915974909242e-05 -1.05811449958678e-05 -4.792627999543e-06 9.73265118019876e-06 4.22277865427145e-06 -7.71678550403385e-06 -1.54293874375571e-05 -1.65422895881127e-05 -1.85453205576778e-05 -1.73028776778869e-05 -3.43336713263395e-05 -4.98579916476784e-05 -9.0055912978104e-05 2.01787838169827e-05
"Immunityfull_367-427" -0.000298425925915494 0.000312232169314778 0.000315909582733665 0.000328352020082418 0.000331116748220922 0.000327501100031747 0.000334303375826087 0.000337158982202803 0.000300089255567462 0.000301560768461897 0.000294586480725792 0.000307983788708998 0.000318449384129727 0.000315819694270421 0.00606676691616781 0.000328636406041141 0.000331828725286308 0.000313473986189378 0.000322777843584812 0.000322018843603807 0.000320985678543882 0.000328118196405145 0.000333171015655262 0.000300817931796851 0.000308139384793369 0.000302392719304715 0.000308279758703554 0.000314420047061003 0.00031326460633414 0.000314050842542412 0.000322164891203547 0.000324909552384828 0.000301579979059883 0.000303866462911272 0.000303241546335852 0.000306326171097657 0.000305874490988701 0.000307654032269785 0.00030807281733825 0.000311600240006407 0.000338133190343364 0.000337885452610328 -1.06036228339076e-05 -1.04230947716069e-05 -1.57552864842579e-05 -1.64268472352929e-05 -2.16608342212054e-05 -1.95411252695296e-05 2.42252379759863e-05 4.21021618075549e-05 3.48703506321882e-05 1.71159918305804e-05 -8.78759232998681e-06 -1.66601199165033e-05 -2.48730006649092e-05 -2.47811997128296e-05 -3.4028041732853e-05 -2.84167613185118e-05 -3.74951580460267e-05 -3.08156050863103e-05 8.28217552150354e-06
"Immunityfull_428-488" -0.000272941306624539 0.000316601382763733 0.000321231381855545 0.000358252422390188 0.000370761001588247 0.000356045018103433 0.000378889667295575 0.000392653252270658 0.000288995196604453 0.000291921293254401 0.000275848067381996 0.000302071270766573 0.00032931151247647 0.000327868477137799 0.000328636406041141 0.014878571481237 0.000373698494668584 0.000313185035099494 0.000339121234526835 0.000338265837952747 0.000333146873128313 0.000354294081902257 0.000373247149059047 0.000286502420273673 0.000303104120948044 0.000290019692434118 0.000300380470197802 0.000315031326124395 0.000314180223198496 0.000314316290859413 0.000332311561326258 0.000346694295229315 0.000288051750278701 0.000292897533832055 0.000291352882127844 0.00029722928311686 0.00029652640352308 0.000300538441310358 0.000301397445471276 0.000309370778541725 0.000392759569400024 0.00039058214934361 -1.67353065883711e-05 -2.06840670489705e-05 -1.84959595191869e-05 -2.30959976642754e-05 -2.45414663199811e-05 -3.84386915419837e-05 4.45798604068982e-05 5.18213009261304e-05 5.184916322304e-05 3.32830801285934e-05 -2.3412374997452e-05 -3.48415690279424e-05 -5.48807169604346e-05 -6.51811242806357e-05 -9.50409878298959e-05 -0.00011179918554838 -0.000138670362133235 -0.000120575477321133 1.35563907215265e-05
"Immunityfull_489-549" -0.000264768687066381 0.000324043924672378 0.00030903995691752 0.000366238683153162 0.000399328477160506 0.000359092075164286 0.000404364886457286 0.000456096048427526 0.000285717689078566 0.00028675165003776 0.0002682055321744 0.000290452758007201 0.000327007743907643 0.000348044088889125 0.000331828725286308 0.000373698494668584 0.0525188739497161 0.000303039388081654 0.000342269355094236 0.000342857329678833 0.000324198328730404 0.000359196531887616 0.000420062793667899 0.00027891902297989 0.00029578601635487 0.00027971554414686 0.000288101061411366 0.000305339153327097 0.000308504427982324 0.000303878714221182 0.000326184020314349 0.000368561840731302 0.000281488989302444 0.000283992104500491 0.000282326994209777 0.000286241715042654 0.000285280237599137 0.000291044591466783 0.000292049778173094 0.000301457755531129 0.0004342599779085 0.00041246358387663 -1.40390081528893e-05 -3.52484839822628e-05 -4.81952478854016e-05 -9.1874737858381e-06 -1.97106095693771e-05 -1.80614830770352e-07 2.59935247508763e-05 3.68845194736841e-05 2.95765412270854e-05 1.44724645596883e-05 -1.37791272003971e-05 -3.25680946531181e-05 -4.46005932089837e-05 -6.46587125081955e-05 -5.33672049738726e-05 -0.000112127716032783 -0.00017963037012985 -0.000350367987360094 3.71053424676998e-05
"Immunityhybridboost_001-061" -0.000322075885275936 0.000309041329694813 0.000318806658089012 0.000312965483314329 0.000307270981248109 0.000313037648641177 0.000307211677509272 0.000300926922510619 0.000303254456920217 0.000304980466411691 0.000300612158966091 0.000316503371056256 0.000315837375166592 0.000307318722660486 0.000313473986189378 0.000313185035099494 0.000303039388081654 0.00661188512207063 0.000318435083526113 0.000316185086911797 0.000320247815030748 0.000317150262749532 0.000308552139620603 0.000310050704398274 0.000314333532937984 0.000311260713875479 0.000319625283674217 0.000320700062016972 0.000317793769971865 0.00032065806359023 0.000323650287380488 0.000314613529637411 0.000309727417353223 0.000311870982099218 0.000311571588743648 0.000315672796323063 0.000315465731864924 0.000316053654278483 0.00031646303352255 0.000317630175005635 0.000302395030040332 0.000303375618257283 -1.43719219434867e-05 -1.77388540171501e-05 -1.53573999641838e-05 -1.43678995201659e-05 -1.51503626338326e-05 -1.30167862105722e-05 6.40790455149157e-05 7.73932484550099e-05 7.21332533733435e-05 4.27687479278771e-05 -1.12269731530485e-05 -9.46008427281829e-06 2.35848116203113e-08 1.02342333335634e-05 2.78312672107325e-05 4.05807406923766e-05 4.1129643938096e-05 5.34504396383699e-05 -5.66320525155328e-06
"Immunityhybridboost_062-122" -0.000288668470194076 0.000314155975658466 0.000321494601378892 0.000338934279986313 0.000341831849016457 0.000337197211217105 0.000345984133846136 0.000349503169528136 0.000294569098767895 0.000296952965889694 0.000285272342155391 0.000308807862958054 0.000324375396315889 0.000319079362237669 0.000322777843584812 0.000339121234526835 0.000342269355094236 0.000318435083526113 0.00592920719717725 0.000330717386761056 0.000329478616616831 0.000340087230115937 0.000345633218535556 0.000296486293871262 0.000308725469291812 0.000299179079550526 0.000309940275828673 0.000319364044682083 0.000317381390088997 0.000319014656425571 0.000331003228090079 0.000335542778907494 0.000297549162664617 0.000301497232911086 0.000300609117442001 0.000306037084276272 0.000305758166095875 0.000308355082711749 0.000309104281824213 0.000314720097085887 0.000351692088140109 0.000348457335161826 -1.87835563563379e-05 -2.42615122036266e-05 -2.63255535008615e-05 -3.59051672165759e-05 -3.64223381707802e-05 -5.63593900653148e-05 5.489467403556e-05 6.19809014798285e-05 5.9163533561155e-05 3.60143732465726e-05 -2.12860492443536e-05 -3.20835941615805e-05 -3.77353622596989e-05 -5.14694650963429e-05 -3.76642400270451e-05 -3.82548495613591e-05 -3.56952414455942e-05 -3.96058536039326e-05 6.31178877632977e-06
"Immunityhybridboost_123-183" -0.00028617574229435 0.000314462725806641 0.000319419753349016 0.000337714336901132 0.000341903266667305 0.000336200119731198 0.000345929093181089 0.000350519661614871 0.000295849868396421 0.00029790990553049 0.000287063573746157 0.000307478112965032 0.000323242841716445 0.0003194249592253 0.000322018843603807 0.000338265837952747 0.000342857329678833 0.000316185086911797 0.000330717386761056 0.0107503659707961 0.000327438325723848 0.000338450480554519 0.000346408704571475 0.000296943656051025 0.000308137294454468 0.000299089006634415 0.000308372889080183 0.000317633499531252 0.000316104028996983 0.000316799518038296 0.000328909918013334 0.000334497748493278 0.000298068477482313 0.00030146899862889 0.000300697214955643 0.000305240660215176 0.000304858951033044 0.000307419572293115 0.000308148808493454 0.000313625698238025 0.000352642186807218 0.000348897888046988 -1.74311851969285e-05 -2.64816859080552e-05 -3.1817198759191e-05 -3.57966961875339e-05 -4.87507241615247e-05 -6.21801586420832e-05 4.24493052300362e-05 5.08263622738734e-05 4.33796387113288e-05 2.48059749064583e-05 -1.6756947447186e-05 -3.14657174224802e-05 -3.98426014859711e-05 -3.93165333095672e-05 -3.76620791952117e-05 -4.53860330243847e-05 -4.08353057188941e-05 -3.98048788074126e-05 9.62737220635845e-06
"Immunityhybridboost_184-244" -0.000291257110271836 0.000311928525713176 0.000323340443033226 0.000334834803335384 0.000332752418063181 0.000334428823893883 0.000337681939979334 0.000332512031422671 0.000296234012226864 0.000298966338174284 0.000288560226391005 0.000311540931764731 0.000323743268023217 0.000313894403507746 0.000320985678543882 0.000333146873128313 0.000324198328730404 0.000320247815030748 0.000329478616616831 0.000327438325723848 0.00786075807618237 0.00033625118470842 0.000331813710693816 0.000299171963083084 0.000310200187805052 0.000302288242959563 0.000312822780370698 0.000321074182782087 0.000318106928450347 0.000320825375915437 0.000331632384084904 0.000328039019861936 0.00029992598211667 0.000304207330311626 0.000303496136700339 0.000308894865847684 0.000308639368542264 0.000310888940412403 0.000311443333061238 0.000316324777703351 0.00033841644599869 0.000341880537962897 -1.84292277927395e-05 -2.60981432611562e-05 -2.75406409897017e-05 -2.97302983601047e-05 -3.53615049018815e-05 -3.08881435350556e-05 5.69923404043002e-05 6.39267522795246e-05 5.77977008604366e-05 3.45734431141216e-05 -2.15669838018257e-05 -3.02750629320482e-05 -3.82888926345337e-05 -4.8331760232618e-05 -4.38211535058572e-05 -3.3214299727939e-05 -3.05096858613776e-05 9.6392925336121e-06 1.40862326288042e-06
"Immunityhybridboost_245-305" -0.000263999008311641 0.000315511241935789 0.000324956382620211 0.000356076573072866 0.000362594425845392 0.000354078603527528 0.000370724260975693 0.000376341119056071 0.000289201963400058 0.000292526036329231 0.000276401304665128 0.000305101574919954 0.000329939164881095 0.000323706992915243 0.000328118196405145 0.000354294081902257 0.000359196531887616 0.000317150262749532 0.000340087230115937 0.000338450480554519 0.00033625118470842 0.0112354945705487 0.000363493345416243 0.000287633967720371 0.000304843581680209 0.000292114369114444 0.00030418762804411 0.000318608368031263 0.000316603697289479 0.000318305635745651 0.000335936695319136 0.000344426136819894 0.000289212518725809 0.000294680681114005 0.000293528737726081 0.000300025900136391 0.000299979234995763 0.000303719493591522 0.000304520699067239 0.000312716085277257 0.000381052545046943 0.000382034184375418 -1.85827794850195e-05 -2.78909467222226e-05 -3.26732757573368e-05 -2.74262156527554e-05 -4.59894706224267e-05 -5.13332058641608e-05 4.61545925363001e-05 5.72788061986182e-05 4.97953550344687e-05 3.040771137026e-05 -2.83850212724111e-05 -4.85866739311774e-05 -6.7056708862942e-05 -9.28764820945689e-05 -8.93155976012836e-05 -0.000105850754554039 -0.000102651364011699 -8.18101138103111e-05 2.37827568196726e-06
"Immunityhybridboost_306-366" -0.00027098960682288 0.000322622127586453 0.000316028241682149 0.000368111480248672 0.000394322961771793 0.000362974861700676 0.000400904119952643 0.000437353941600117 0.000285151231548168 0.000287420754954248 0.000268228976148712 0.000295226651612168 0.000330368509457903 0.000340670626870632 0.000333171015655262 0.000373247149059047 0.000420062793667899 0.000308552139620603 0.000345633218535556 0.000346408704571475 0.000331813710693816 0.000363493345416243 0.20348566536042 0.000281172315648219 0.000299676595088202 0.000282631313441096 0.00029336093113122 0.000310620877304214 0.000312551077257673 0.000308120541827855 0.000332069024187678 0.000364677086885732 0.000283139362985326 0.000286118220183108 0.000284387018337895 0.000290147065761854 0.000289654356631923 0.000294341195984137 0.000295339417572366 0.00030525048596088 0.000428432725633995 0.000419167305163318 -1.41209890770318e-05 -3.19894962294912e-05 -3.37200172382366e-05 -4.58737445916601e-05 -0.000137296562899545 -7.26454683093087e-05 4.98249900911778e-05 6.16838599095348e-05 5.51963981237175e-05 3.51492626685661e-05 -1.00883790986363e-05 -2.45815725062039e-05 -4.97671884284657e-05 -3.85252420401862e-05 -5.69160911781895e-05 -0.000107504871247081 -0.000152086137610603 -0.000219912983116363 2.12754126229018e-05
"Immunityhybridfull_001-061" -0.000338453350284572 0.000307127786526914 0.000303532780512395 0.000284247744659241 0.000279543012130428 0.000285729701808793 0.000274528862214651 0.000269475885394278 0.000318803409359422 0.000317765916943383 0.000326498994867233 0.000314411567583682 0.000300566255822807 0.000301240828291307 0.000300817931796851 0.000286502420273673 0.00027891902297989 0.000310050704398274 0.000296486293871262 0.000296943656051025 0.000299171963083084 0.000287633967720371 0.000281172315648219 0.034073726923407 0.000315833882487908 0.00032179630073739 0.000317251491229836 0.000309736369691051 0.000309873837115782 0.000309160518515951 0.000300561456561307 0.000291972051312215 0.000323079116584738 0.000319965008947051 0.000320212407074929 0.000317970020797874 0.000317533388925306 0.000315449998419113 0.000315345496853129 0.000311204480795441 0.000267857829622544 0.000265441447783767 -1.25066276574856e-05 -1.16142061844641e-05 -1.12989076946074e-05 -2.6544019974514e-05 -1.84653165394558e-05 -1.12252082945111e-05 -3.64648580809986e-05 1.02214791811817e-05 1.39377846403695e-05 3.92902223305405e-06 8.53635417969506e-06 3.58809149645118e-05 5.39452516524777e-05 7.56890946905814e-05 8.41206639889983e-05 8.68698260433674e-05 8.03849381734372e-05 9.76115093809706e-05 5.15642405245702e-06
"Immunityhybridfull_062-122" -0.000335928280882741 0.000309064908447266 0.000310760050181392 0.000301939464131213 0.000298321393718387 0.000302550725857364 0.00029640857075566 0.000291909696406452 0.000310449313166878 0.000310568626489945 0.000312398091487285 0.000313879071019081 0.000308882336080215 0.000305883166399409 0.000308139384793369 0.000303104120948044 0.00029578601635487 0.000314333532937984 0.000308725469291812 0.000308137294454468 0.000310200187805052 0.000304843581680209 0.000299676595088202 0.000315833882487908 0.0108648647276374 0.000315172493406132 0.000316430895856935 0.000314454984022043 0.000313139576133453 0.000313704014970105 0.000311467475179237 0.000305350468924991 0.000315626246869402 0.000314817114250967 0.000314905373283125 0.000315490850255116 0.000314887452220623 0.000314304316856959 0.000314297625108872 0.000313297355988208 0.000292729390986813 0.000291138485387192 -1.45254335813297e-05 -1.42498474585148e-05 -1.98296139185332e-05 -2.49831432413805e-05 -1.99484980159623e-05 -2.90956612238296e-05 2.21721300662785e-05 4.55734763471076e-05 5.08748780093528e-05 2.34300051506891e-05 1.15687373558162e-05 2.60226004899428e-05 3.93052187272069e-05 4.37793405578277e-05 5.44768587163133e-05 5.9561360470475e-05 5.87060188826979e-05 7.77572734154476e-05 5.38476309354757e-06
"Immunityhybridfull_123-183" -0.000337207810981004 0.000306803196253246 0.000306298131018722 0.000289228807956062 0.000283447206553264 0.000290626196341986 0.000279799847752279 0.000272706353972134 0.000317046604275431 0.000316493104609032 0.000324321309553601 0.000314587189780274 0.000302579782185773 0.000301262946033483 0.000302392719304715 0.000290019692434118 0.00027971554414686 0.000311260713875479 0.000299179079550526 0.000299089006634415 0.000302288242959563 0.000292114369114444 0.000282631313441096 0.00032179630073739 0.000315172493406132 0.00588637175288246 0.000316768311027456 0.000310652558632045 0.000310193768623128 0.000310467667295915 0.000302981681806392 0.00029372082666985 0.000320616949290711 0.00031822844225087 0.000318342557014756 0.000317002756674945 0.000316700280378206 0.000314938820447634 0.00031470286953603 0.000311407124689768 0.000272907492157579 0.000273157768110736 -1.12336636149043e-05 -1.19964251163286e-05 -7.86584028568996e-06 -1.33006386341248e-05 -3.70069203411708e-06 -6.58681711062681e-06 -4.0944969607622e-05 1.97173946431962e-05 3.26316608921908e-05 1.28800479911491e-05 1.61627830209232e-05 3.45338225948998e-05 4.6912666100055e-05 5.74515099348239e-05 6.9574424305917e-05 7.45502633605895e-05 7.54206564458425e-05 9.54954291234207e-05 -1.69376215219616e-06
"Immunityhybridfull_184-244" -0.000338030495038073 0.000307730991130112 0.00031402470914176 0.000298853914247884 0.000291351531252856 0.00029961172512614 0.000288678541767037 0.000280558434646846 0.000308908982927673 0.0003097357892928 0.00031004882152379 0.000317955749600457 0.000310423923380221 0.000303418622092515 0.000308279758703554 0.000300380470197802 0.000288101061411366 0.000319625283674217 0.000309940275828673 0.000308372889080183 0.000312822780370698 0.00030418762804411 0.00029336093113122 0.000317251491229836 0.000316430895856935 0.000316768311027456 0.00423524069479026 0.000319080256861522 0.000316648504530597 0.000318727053940155 0.000317237653184568 0.000305474222590522 0.000316565399199311 0.000317099560788859 0.000316931765621604 0.000319180061284104 0.000318764333230631 0.000318391504448074 0.000318716672533108 0.000317563572887075 0.000280397273034649 0.000279305027483998 -1.1313130948248e-05 -1.0738871848592e-05 -1.02385962935819e-05 -1.26196610533364e-05 -9.85272676447489e-06 -9.0231767307738e-06 4.73547522242098e-05 6.60817075531443e-05 6.00645377495274e-05 3.36491545988928e-05 -6.55313665459354e-06 5.49376527704383e-06 1.86401285876895e-05 4.41678164567876e-05 6.25511895249341e-05 6.92900016362263e-05 7.3776192840729e-05 8.81004389313703e-05 2.17265449050274e-06
"Immunityhybridfull_245-305" -0.000324805549293768 0.000310398156994236 0.000318055918305228 0.000314060463506354 0.000308467651865052 0.000314188505162524 0.000308871334380401 0.000301835794185636 0.000302920727437541 0.000304495808744009 0.000299715700001716 0.000315367606504617 0.00031721059694226 0.000308832544432042 0.000314420047061003 0.000315031326124395 0.000305339153327097 0.000320700062016972 0.000319364044682083 0.000317633499531252 0.000321074182782087 0.000318608368031263 0.000310620877304214 0.000309736369691051 0.000314454984022043 0.000310652558632045 0.000319080256861522 0.00885567468335381 0.000318723467329877 0.000321017436359225 0.000326051399269422 0.000317959399300317 0.000310152754968913 0.000312637133082983 0.00031212082596847 0.000315781239080125 0.000315141615006643 0.000316396508893004 0.000316880213337237 0.000318737002561763 0.000303307408532935 0.000303079759705453 -1.61832165156468e-05 -2.08512197730609e-05 -2.59707143025674e-05 -1.92705099033187e-05 -2.08714496461723e-05 -2.24588464229228e-05 6.06038116533383e-05 6.98386738168304e-05 6.591454166295e-05 3.61283154936097e-05 -5.06342853668859e-06 -1.23986739949446e-05 -6.51484556433849e-06 5.55979016879229e-06 2.56163171215587e-05 3.36971795186538e-05 3.59205445450156e-05 6.1177075466997e-05 1.41525656444937e-05
"Immunityhybridfull_306-366" -0.0003112455638851 0.000310658308411339 0.000315233412346182 0.000312644571899773 0.000309170641849161 0.00031255720181347 0.000309104239237726 0.00030517783199104 0.000304357682420501 0.000305609882255984 0.00030189744458378 0.000313456678451488 0.000315304011348911 0.000309904558344577 0.00031326460633414 0.000314180223198496 0.000308504427982324 0.000317793769971865 0.000317381390088997 0.000316104028996983 0.000318106928450347 0.000316603697289479 0.000312551077257673 0.000309873837115782 0.000313139576133453 0.000310193768623128 0.000316648504530597 0.000318723467329877 0.017580952675561 0.000318043808272592 0.000322340708845276 0.000318066342536356 0.000309872435190952 0.000311951575385871 0.000311176013356792 0.00031398792437144 0.000313629590515785 0.000314621467895745 0.000315164735460841 0.00031666877074389 0.000305085927428187 0.000304403503882259 -1.63431229950409e-05 -2.18147997100219e-05 -1.42286783824717e-05 -2.33394297193703e-05 -3.21105427929208e-05 -2.29520905222631e-05 3.33670281963973e-05 3.2334610305048e-05 4.68963476695918e-05 1.8906646068599e-05 -1.77617091093742e-05 -2.03132644169726e-05 -1.29026334400754e-05 -3.03433158102067e-06 1.87020094320324e-05 1.96737777587691e-05 1.9828264646013e-05 3.45070955363458e-05 1.39330869982503e-05
