"Immunityboost_001-061" "Immunityboost_062-122" "Immunityboost_123-183" "Immunityboost_184-244" "Immunityboost_245-305" "Immunityboost_306-366" "Immunityboost_367+" "Immunityfull_001-061" "Immunityfull_062-122" "Immunityfull_123-183" "Immunityfull_184-244" "Immunityfull_245-305" "Immunityfull_306-366" "Immunityfull_367-427" "Immunityfull_428-488" "Immunityfull_489-549" "Immunityfull_550+" "Immunitypartial_001-061" "Immunitypartial_062+" "Immunitysecboost_001-061" "Immunitysecboost_062-122" "DCCI1" "DCCI2+" "InfPriorinf_NA_062-122" "InfPriorinf_NA_123-183" "InfPriorinf_NA_184-244" "InfPriorinf_NA_245-305" "InfPriorinf_NA_306-366" "AgeGr0-11" "AgeGr12-15" "AgeGr16-17" "AgeGr18-24" "AgeGr25-29" "AgeGr30-34" "AgeGr35-39" "AgeGr45-49" "AgeGr50-54" "AgeGr55-59" "AgeGr60-64" "AgeGr65-69" "AgeGr70-74" "AgeGr75-79" "AgeGr80+" "SexM"
"Immunityboost_001-061" 0.000804510297380614 0.000238676031515467 0.000197181027750378 0.000124279483804426 0.000106622523420887 9.17228532454947e-05 9.47575289295951e-05 0.000227882611513834 0.000221845008205816 0.000224204382840004 0.000235538119793898 0.000215362837851048 0.000170350473860692 0.000116352137802885 0.000100397453659276 9.36201058527626e-05 8.10962612264429e-05 0.00022053781145014 0.000202182170171947 0.000100977595634152 9.59791970123898e-05 -9.49152759249254e-06 -1.10454781987364e-05 -4.85801352749518e-05 -0.000101817349083036 -0.000148813569346133 -0.000175611220938588 -0.000176932877185669 0.000216249665504971 0.000162689793869 0.000102962787913272 4.71352654820519e-05 4.73112719549361e-05 4.0687290255638e-05 2.48389174805281e-05 -1.66726826092231e-05 -2.0346724883856e-05 -2.77336770114977e-05 -3.81420279442128e-05 -4.62803057526341e-05 -3.64185491718635e-05 -1.98775172262292e-05 -6.78836379951158e-07 -1.3531472609665e-05
"Immunityboost_062-122" 0.000238676031515467 0.000710971566940822 0.000304763043195775 0.000246567025455245 0.000265618036484467 0.000279336235190139 0.000234119461518284 0.000197346447455128 0.000209035737071996 0.000184739487428229 0.000217802405069269 0.000251573458768441 0.000231261005897617 0.000212499959350792 0.000230867427004854 0.000242416558292204 0.00022433111025419 0.000199460106505712 0.000237648642576839 0.000284216822918332 0.000286856264380078 -1.22553126142445e-05 -2.24699050884299e-05 2.10767128220065e-05 -1.99304635761101e-05 -3.89642889374374e-05 -1.52278992302655e-08 1.65359546521737e-05 0.000168092390729516 0.000117449664776654 6.85444296810224e-05 3.78105869008249e-05 3.6129702619685e-05 3.49400317284428e-05 2.1326495267999e-05 -1.99815156762501e-05 -3.37639328941394e-05 -5.30546227856522e-05 -8.9478409142623e-05 -0.000123198896547952 -0.000145952922846591 -0.000155225747979923 -0.00014085287469608 -4.08464359060872e-06
"Immunityboost_123-183" 0.000197181027750378 0.000304763043195775 0.00155853891799257 0.000484475930555166 0.000535599979254588 0.000575356365500296 0.000486203520003719 0.000154312662813903 0.00018526118524156 0.00014081450836009 0.000187523195254015 0.000282875252884865 0.000345445920238438 0.000426782866558116 0.000484294709508568 0.000516773480142018 0.000500345309086828 0.000163100401930438 0.000281561231345022 0.000571019818928369 0.000576285942016549 -1.32156218971175e-05 -2.45899942819096e-05 0.000122468179712363 0.000208260660297224 0.000256953849721557 0.000299050582631952 0.000291694923225314 0.000141206609635611 8.85776426330777e-05 4.69305654012512e-05 2.92767211957484e-05 3.32172387626829e-05 3.31958120184495e-05 2.17428712057923e-05 -1.75076415978472e-05 -2.83551945987732e-05 -4.23162077392441e-05 -7.11707433910976e-05 -0.000103936344129751 -0.000162085626582186 -0.000226518015393141 -0.000235379971436758 -3.26356898578552e-06
"Immunityboost_184-244" 0.000124279483804426 0.000246567025455245 0.000484475930555166 0.00230577659713924 0.00111010325926724 0.00113813374472845 0.00107959634108203 7.74013408046532e-05 0.000125124501107416 7.09693363800678e-05 0.000137707960780927 0.000299436050604114 0.000557451753462196 0.000932534014730154 0.00106395330043902 0.00108486420453716 0.00108129565286014 8.71039738390501e-05 0.000336524415878626 0.00114189472796066 0.00113944732259358 -1.28845170031457e-05 -2.16339247301932e-05 0.000190504326637452 0.000652752737391785 0.000923516637162092 0.000942803791234753 0.00094116930649779 0.000110306086328621 5.52018031351651e-05 2.59429244601007e-05 2.947558492559e-05 4.60975248055317e-05 4.35921858318646e-05 2.56508102783814e-05 -2.27554852825106e-05 -3.50426105189382e-05 -4.7943298582696e-05 -7.6754279622288e-05 -0.000117089576955843 -0.00014502651367341 -0.00016880185686432 -0.000144827581489602 -6.84906747106332e-06
"Immunityboost_245-305" 0.000106622523420887 0.000265618036484467 0.000535599979254588 0.00111010325926724 0.00281682532132199 0.00152169797084251 0.00146665102235018 5.33119610405083e-05 0.000107674818813697 4.15702583619412e-05 0.000117890664292602 0.000315720927354369 0.000599655984464482 0.00106452799444843 0.00132080404746897 0.00134531944042966 0.00141732603481828 7.04688509355746e-05 0.000368594588251961 0.00146888408388573 0.00155825458743757 -1.12427273589689e-05 -2.40908321677108e-05 0.00026365706061447 0.000648120752779178 0.0010533195857603 0.00128877507293424 0.00134229091471003 8.54538990039274e-05 3.22074374327629e-05 9.55469597463059e-06 2.43314146853346e-05 4.38735242658049e-05 4.36808703467e-05 2.52601380820364e-05 -2.24043219924888e-05 -3.33420286484963e-05 -4.92553039626699e-05 -8.76257567766125e-05 -0.000131459861164302 -0.00019697686863987 -0.00026054808760042 -0.00026747252361101 -3.10220161210469e-06
"Immunityboost_306-366" 9.17228532454947e-05 0.000279336235190139 0.000575356365500296 0.00113813374472845 0.00152169797084251 0.00927392490246853 0.00188687639879651 3.97357794291721e-05 9.8233955187399e-05 2.3376517094085e-05 0.000103784497055981 0.000326048218399636 0.000623144228052808 0.00113306592585011 0.00151755860554908 0.00154989062188148 0.00171421051009152 6.31455391995977e-05 0.000393555026563666 0.00172910346079724 0.00197415273579606 -1.06872932527506e-05 -2.42061652781233e-05 0.00031467534035002 0.000633718885771197 0.0010943754677783 0.00160780789816553 0.00184749682369342 7.28737555710035e-05 2.04870790846143e-05 1.14763437921607e-06 2.1876765349698e-05 4.12700397889824e-05 4.23721875952753e-05 2.39594164335328e-05 -2.04217950464853e-05 -3.01265196918409e-05 -4.12275287759034e-05 -7.31354743638134e-05 -9.74908289416859e-05 -0.000189814409388304 -0.000336308028862915 -0.000410169210955563 -2.57995291660991e-06
"Immunityboost_367+" 9.47575289295951e-05 0.000234119461518284 0.000486203520003719 0.00107959634108203 0.00146665102235018 0.00188687639879651 50490.9932195885 4.0169755468074e-05 0.000102830918472514 3.03612642263211e-05 0.000115889544190292 0.000320525154242146 0.000590286249806017 0.00112267450455283 0.0015561272027594 0.00152378886303407 0.00176955020372035 5.18987518479343e-05 0.000364432271421131 0.00169294973798322 0.0021651608297535 -1.16761161566735e-05 -5.61887533831362e-05 0.000325568872889555 0.000619163991802826 0.00106135835363601 0.00180606950988359 0.00288345030796826 5.94553516156299e-05 6.41082925226183e-06 -1.42581304222979e-05 1.15365049268125e-05 1.03411025139188e-05 2.8609106237398e-05 1.99684167578993e-05 -8.28751618231548e-05 -6.40435870331999e-05 -8.09458730075584e-05 -0.00011298314904067 -0.000131759254096281 -0.000119096441439242 -0.000126528559337976 -0.000133345884125464 9.41076175624829e-06
"Immunityfull_001-061" 0.000227882611513834 0.000197346447455128 0.000154312662813903 7.74013408046532e-05 5.33119610405083e-05 3.97357794291721e-05 4.0169755468074e-05 0.00369703046587675 0.000234460972582293 0.000256041758659043 0.000226376571323064 0.000188575681786707 0.000153549949563506 8.73613082695592e-05 5.65405010807899e-05 5.53451820441101e-05 4.87148976301308e-05 0.000240646992922731 0.000192289574060694 4.44042751109238e-05 3.69221194063792e-05 -2.14218442117032e-06 -3.09118461156894e-06 -5.46812938553638e-05 -0.000108973965851463 -0.000157119217125245 -0.00020144716988832 -0.000175723180691869 0.000192640242968469 -1.65912376960297e-05 -0.000123332448433555 -8.14555276309457e-05 -4.04240788402019e-05 -3.06438556102393e-05 -1.87562390981561e-05 1.53571009346411e-05 1.71183800753869e-05 2.68357509933911e-05 2.86970293074457e-05 2.58674013625897e-05 2.71891611884371e-05 2.85377880709829e-05 3.18828283961095e-05 -4.24596851950124e-06
"Immunityfull_062-122" 0.000221845008205816 0.000209035737071996 0.00018526118524156 0.000125124501107416 0.000107674818813697 9.8233955187399e-05 0.000102830918472514 0.000234460972582293 0.00264073248533359 0.000239579402953962 0.000223312762296386 0.000204805275061102 0.000178185137700995 0.000133881502885597 0.000111917962421096 0.000108663901267429 0.000105145580109913 0.000225676662953891 0.000202196572734606 0.000101272265284173 9.75882266768052e-05 -3.63455881783151e-06 -2.39007705455557e-06 -1.72354665662232e-05 -6.57030710569239e-05 -0.000101784130000671 -0.000102603941162283 -0.000235331829230208 0.000214920670195751 2.34767502633561e-05 -0.000104335483169272 -6.78284624226607e-05 -3.6937051362971e-05 -2.17786024315638e-05 -1.16215155117608e-05 3.07060385949386e-06 9.51271924429278e-06 1.59474795002782e-05 1.86594923997402e-05 1.91417696906071e-05 1.7898618096828e-05 2.02035040408956e-05 2.83592657414079e-05 -6.26159607684651e-06
"Immunityfull_123-183" 0.000224204382840004 0.000184739487428229 0.00014081450836009 7.09693363800678e-05 4.15702583619412e-05 2.3376517094085e-05 3.03612642263211e-05 0.000256041758659043 0.000239579402953962 0.00124766419189794 0.000226623431626387 0.000182507882164536 0.00015048080061778 8.55282823310468e-05 4.92630178288692e-05 4.46659173518407e-05 3.92936672422929e-05 0.000243727498866596 0.000189239615608836 2.92329324624319e-05 2.06375884795741e-05 -2.33927289359413e-06 4.69916593235351e-08 -5.60745596881745e-05 -0.000105307285465166 -0.00015091782894856 -0.000216325372151507 -0.000615788378186317 0.000235394493074727 4.93077647620968e-05 -0.000175722417284257 -0.000165272734435156 -5.63865388807218e-05 -2.55683368317294e-05 -1.51919601016152e-05 2.07886346976947e-05 3.60299903325221e-05 4.33274958282413e-05 4.61974706475476e-05 4.56809991455405e-05 4.89276506744346e-05 5.39012275365535e-05 6.30356272042527e-05 -8.72401873355516e-06
"Immunityfull_184-244" 0.000235538119793898 0.000217802405069269 0.000187523195254015 0.000137707960780927 0.000117890664292602 0.000103784497055981 0.000115889544190292 0.000226376571323064 0.000223312762296386 0.000226623431626387 0.000822481927410563 0.000212199370097653 0.000180975529545359 0.000142416303068988 0.00012359212518249 0.000116493606169715 0.000112229260185175 0.000216539118628311 0.000202003749901496 0.000108043940706892 0.00010286846773463 -3.69231329714457e-06 -6.42466434949881e-07 -2.97004381503773e-05 -6.84009197327277e-05 -0.000103537588913241 -0.000117419536640777 -5.87412013358016e-05 0.00023372814754259 0.000171983355898715 0.000102297465044096 3.80413476022499e-05 4.31961002120265e-05 3.98506560646195e-05 2.4461487942753e-05 -8.99117552814081e-06 -6.44942300084915e-06 4.8730942369881e-06 1.30951810207637e-05 1.71623021363454e-05 2.4203513286798e-05 2.99069033062888e-05 4.13503618760555e-05 -7.4238661317046e-06
"Immunityfull_245-305" 0.000215362837851048 0.000251573458768441 0.000282875252884865 0.000299436050604114 0.000315720927354369 0.000326048218399636 0.000320525154242146 0.000188575681786707 0.000204805275061102 0.000182507882164536 0.000212199370097653 0.00180401234441511 0.000257851344969257 0.000287447748879553 0.000308711804087339 0.000310414280092688 0.000310079796332091 0.00018601232502888 0.000236485585057132 0.00032367950943595 0.000328632447497434 -9.44346418600604e-06 -1.27910196575552e-05 5.45393688788763e-05 5.97310528032869e-05 7.89159088088968e-05 0.00012035213151838 0.00012750594767973 0.00018572082467159 0.000128607340960498 7.83909059903092e-05 4.21334202374109e-05 3.47078494479451e-05 3.70302997871013e-05 2.32517961604584e-05 -1.74400097676388e-05 -2.90866258563744e-05 -3.80330159162398e-05 -4.0111508619534e-05 -3.91131047110622e-05 -4.64944261405474e-05 -5.55340552908673e-05 -3.89472979270772e-05 1.19107172949832e-05
"Immunityfull_306-366" 0.000170350473860692 0.000231261005897617 0.000345445920238438 0.000557451753462196 0.000599655984464482 0.000623144228052808 0.000590286249806017 0.000153549949563506 0.000178185137700995 0.00015048080061778 0.000180975529545359 0.000257851344969257 0.00438948873648236 0.000526506783112163 0.000582699556520642 0.000604541969896024 0.000608798311467703 0.000155139667736843 0.000275308519898718 0.000615345280002888 0.000615927508576371 -1.06117663266404e-05 -1.72393351000041e-05 9.90014301843134e-05 0.000296604414753548 0.000401026216308055 0.000427945833739284 0.000444187345858532 0.000164364731683967 9.87420045503379e-05 4.68081944905734e-05 9.69320001952592e-06 4.37107240345672e-06 1.68128574439928e-05 8.65603818895481e-06 -7.9794539630633e-06 -1.57599411302578e-05 -1.37726989304259e-05 -1.7738760478139e-05 -1.18893476876126e-05 -2.50918905504198e-05 -5.74436565956205e-05 -9.81406176903922e-05 2.0588098034114e-05
"Immunityfull_367-427" 0.000116352137802885 0.000212499959350792 0.000426782866558116 0.000932534014730154 0.00106452799444843 0.00113306592585011 0.00112267450455283 8.73613082695592e-05 0.000133881502885597 8.55282823310468e-05 0.000142416303068988 0.000287447748879553 0.000526506783112163 0.00580748403436595 0.0010580043444065 0.00106722998220977 0.00111144223298526 9.17010262041163e-05 0.000323588340696468 0.0011102988689778 0.00113938567431949 -1.0826433269068e-05 -1.49621776869063e-05 0.000213519641092346 0.000576862600164019 0.000888699185960439 0.00100215251950581 0.00101891397457485 0.000141200836223069 7.93729446379517e-05 3.99281193436297e-05 2.96904287592284e-05 4.63752239975011e-05 4.62465236648036e-05 2.43424427815971e-05 -1.1612710874076e-05 -1.49619222542876e-05 -1.71885254517384e-05 -2.68660105655176e-05 -2.21097404452125e-05 -2.85658505747898e-05 -4.8410514650543e-05 -6.47375929435055e-05 7.17604530544947e-06
"Immunityfull_428-488" 0.000100397453659276 0.000230867427004854 0.000484294709508568 0.00106395330043902 0.00132080404746897 0.00151755860554908 0.0015561272027594 5.65405010807899e-05 0.000111917962421096 4.92630178288692e-05 0.00012359212518249 0.000308711804087339 0.000582699556520642 0.0010580043444065 0.0129607497303442 0.00133481223673494 0.00144812871322522 6.75569908754562e-05 0.00035475831646028 0.00144020640646722 0.00157754084419515 -1.40921454009443e-05 -2.45457624613126e-05 0.000276784479805769 0.000637587419585003 0.00104340036864888 0.00136844168826667 0.00148034575265392 0.000108284529705622 5.41371885509173e-05 3.00101929960251e-05 3.9803484301178e-05 5.59892846293682e-05 5.72455799719924e-05 3.39761957697911e-05 -2.58870096744083e-05 -3.14621148750927e-05 -3.83411022221093e-05 -5.30831253430004e-05 -5.92078116024451e-05 -9.35330890921392e-05 -0.000134699912943432 -0.000142501877573805 1.17543188155286e-05
"Immunityfull_489-549" 9.36201058527626e-05 0.000242416558292204 0.000516773480142018 0.00108486420453716 0.00134531944042966 0.00154989062188148 0.00152378886303407 5.53451820441101e-05 0.000108663901267429 4.46659173518407e-05 0.000116493606169715 0.000310414280092688 0.000604541969896024 0.00106722998220977 0.00133481223673494 0.0398378847219325 0.00148021015000651 7.20335545340312e-05 0.00037196219173505 0.00146777638340566 0.00158363399007784 -1.06239159000326e-05 -2.70894228360882e-05 0.000270882366035196 0.000648357790238502 0.00105526273745818 0.00133979740506324 0.00143874887821125 9.78520765988496e-05 4.41854039004058e-05 2.1652528268408e-05 3.27841530676136e-05 4.56280667317066e-05 4.49608102410499e-05 2.01427403304511e-05 -1.49115037646647e-05 -2.71777387842866e-05 -3.46397498008207e-05 -4.99145049784125e-05 -3.70127273155705e-05 -7.43186184196747e-05 -0.000168540078593509 -0.000298895814028869 3.77622984024733e-05
"Immunityfull_550+" 8.10962612264429e-05 0.00022433111025419 0.000500345309086828 0.00108129565286014 0.00141732603481828 0.00171421051009152 0.00176955020372035 4.87148976301308e-05 0.000105145580109913 3.92936672422929e-05 0.000112229260185175 0.000310079796332091 0.000608798311467703 0.00111144223298526 0.00144812871322522 0.00148021015000651 0.201658316148401 6.3735515765832e-05 0.000376912608414349 0.00158383181557686 0.00178697191060296 -1.53068911832236e-05 -2.47863063168245e-05 0.000310455851731857 0.000637080162368658 0.00109192348081854 0.00154923406508081 0.00174282132155026 0.000121066814603252 6.74689917987632e-05 4.59258444225112e-05 5.89309186044459e-05 7.02052723405065e-05 6.19376902218178e-05 5.50659128692576e-05 -1.10204899256648e-05 8.81061741677923e-06 -5.86480968578972e-07 -1.2969796329078e-05 1.64134231460117e-05 -2.6815326627689e-06 -4.62813702811937e-05 -0.000288881588172466 4.61686285658833e-05
"Immunitypartial_001-061" 0.00022053781145014 0.000199460106505712 0.000163100401930438 8.71039738390501e-05 7.04688509355746e-05 6.31455391995977e-05 5.18987518479343e-05 0.000240646992922731 0.000225676662953891 0.000243727498866596 0.000216539118628311 0.00018601232502888 0.000155139667736843 9.17010262041163e-05 6.75569908754562e-05 7.20335545340312e-05 6.3735515765832e-05 0.0184259168520254 0.000192145670714854 6.62977225196516e-05 5.9304284998428e-05 -7.99963651274289e-06 -1.15161940179612e-05 -5.1039997013265e-05 -0.000101692232600612 -0.000145226618187767 -0.000186361941263448 -0.000121038302366021 -7.11076800636362e-05 -0.000194868726844769 -9.5135818765067e-05 -5.99610032099031e-05 -4.31328168482049e-05 -3.47119386979566e-05 -1.82100621059127e-05 1.73246446141621e-05 1.83993093724251e-05 2.35051961440771e-05 1.97509238638887e-05 1.50807967365098e-05 1.2861120141776e-05 -2.56591091587092e-06 4.6309170253704e-06 5.65275035347333e-06
"Immunitypartial_062+" 0.000202182170171947 0.000237648642576839 0.000281561231345022 0.000336524415878626 0.000368594588251961 0.000393555026563666 0.000364432271421131 0.000192289574060694 0.000202196572734606 0.000189239615608836 0.000202003749901496 0.000236485585057132 0.000275308519898718 0.000323588340696468 0.00035475831646028 0.00037196219173505 0.000376912608414349 0.000192145670714854 0.0121510439789277 0.000386051947057335 0.000391354734711863 -1.47649253245956e-05 -2.56323463668218e-05 4.03191598676596e-05 8.77943858558235e-05 0.000128711406650923 0.000160561146901064 0.000194287600885559 0.000180347174010132 8.98053903173869e-05 2.49674560924117e-05 -4.29684453655722e-06 5.77925794940595e-06 8.99076152377448e-06 -8.12143330808629e-07 1.50782301501661e-06 7.53175523940643e-06 8.27351394226842e-06 -9.16290857776691e-06 -1.43867040422296e-05 -2.72934799928472e-05 -4.19305847207451e-05 -8.09923265119281e-05 1.98152337096013e-05
"Immunitysecboost_001-061" 0.000100977595634152 0.000284216822918332 0.000571019818928369 0.00114189472796066 0.00146888408388573 0.00172910346079724 0.00169294973798322 4.44042751109238e-05 0.000101272265284173 2.92329324624319e-05 0.000108043940706892 0.00032367950943595 0.000615345280002888 0.0011102988689778 0.00144020640646722 0.00146777638340566 0.00158383181557686 6.62977225196516e-05 0.000386051947057335 0.0361212896788608 0.00180415632881909 -1.10445241949441e-05 -4.07290264919903e-05 0.000294074173799923 0.000638697813021214 0.001084895966673 0.00146407675250323 0.00159154049070061 7.28694683455487e-05 2.03850266327466e-05 -1.81367414551833e-07 1.85602474624944e-05 3.87837699860152e-05 3.96126620412702e-05 2.33032445507178e-05 -1.66972380839613e-05 -2.27158237628779e-05 -3.51838847257177e-05 -8.16598483501745e-05 -0.000142882541766665 -0.000231359517615073 -0.000318705061181031 -0.000350877004017849 -1.82871130600295e-05
"Immunitysecboost_062-122" 9.59791970123898e-05 0.000286856264380078 0.000576285942016549 0.00113944732259358 0.00155825458743757 0.00197415273579606 0.0021651608297535 3.69221194063792e-05 9.75882266768052e-05 2.06375884795741e-05 0.00010286846773463 0.000328632447497434 0.000615927508576371 0.00113938567431949 0.00157754084419515 0.00158363399007784 0.00178697191060296 5.9304284998428e-05 0.000391354734711863 0.00180415632881909 0.202184161828762 -1.31122963439109e-05 -3.39593333674967e-05 0.000322803665013763 0.000624553349665207 0.00107862565968735 0.00174859746980492 0.00223871137582856 6.84534182235446e-05 1.6290042259234e-05 -3.01015039870558e-06 1.70341842353317e-05 4.04170212844419e-05 3.81428782357375e-05 2.40966940049436e-05 -1.83190055667117e-05 -2.45652742514405e-05 -3.41581628784082e-05 -8.25455818203287e-05 -0.000155715843987849 -0.000244771514473164 -0.000338976858333581 -0.000358867035414476 -3.39790971992703e-05
"DCCI1" -9.49152759249254e-06 -1.22553126142445e-05 -1.32156218971175e-05 -1.28845170031457e-05 -1.12427273589689e-05 -1.06872932527506e-05 -1.16761161566735e-05 -2.14218442117032e-06 -3.63455881783151e-06 -2.33927289359413e-06 -3.69231329714457e-06 -9.44346418600604e-06 -1.06117663266404e-05 -1.0826433269068e-05 -1.40921454009443e-05 -1.06239159000326e-05 -1.53068911832236e-05 -7.99963651274289e-06 -1.47649253245956e-05 -1.10445241949441e-05 -1.31122963439109e-05 0.000414967085016586 0.00021100297860232 8.47474109921492e-07 1.75040811667453e-06 2.63160657928721e-06 3.80200498620244e-06 -1.20201415148798e-05 8.74400592859629e-05 2.93411029100747e-05 3.05615081873667e-05 2.96553156263386e-05 2.18613879704246e-05 1.96643360334051e-05 1.17414024289351e-05 -9.2300377133595e-06 -1.946463993286e-05 -3.21865525896675e-05 -4.0900098372818e-05 -5.13627538865507e-05 -5.45143674232685e-05 -5.39536189642005e-05 -5.22315032574018e-05 5.73449230696503e-06
"DCCI2+" -1.10454781987364e-05 -2.24699050884299e-05 -2.45899942819096e-05 -2.16339247301932e-05 -2.40908321677108e-05 -2.42061652781233e-05 -5.61887533831362e-05 -3.09118461156894e-06 -2.39007705455557e-06 4.69916593235351e-08 -6.42466434949881e-07 -1.27910196575552e-05 -1.72393351000041e-05 -1.49621776869063e-05 -2.45457624613126e-05 -2.70894228360882e-05 -2.47863063168245e-05 -1.15161940179612e-05 -2.56323463668218e-05 -4.07290264919903e-05 -3.39593333674967e-05 0.00021100297860232 0.000446317550580218 1.07335189779636e-06 2.24089388580184e-06 2.79888778208664e-06 4.16171462998101e-06 2.30625588436689e-05 9.58068570611193e-05 6.21242123692148e-05 6.22272900348526e-05 5.64645967714034e-05 3.91757446275705e-05 3.01003197029729e-05 1.62122237747666e-05 -1.83567023017226e-05 -4.32465053285896e-05 -7.29752449910172e-05 -0.000105470679143942 -0.000145398441455729 -0.000177469585502493 -0.000204213674428078 -0.000226190468948008 4.86149448858108e-06
"InfPriorinf_NA_062-122" -4.85801352749518e-05 2.10767128220065e-05 0.000122468179712363 0.000190504326637452 0.00026365706061447 0.00031467534035002 0.000325568872889555 -5.46812938553638e-05 -1.72354665662232e-05 -5.60745596881745e-05 -2.97004381503773e-05 5.45393688788763e-05 9.90014301843134e-05 0.000213519641092346 0.000276784479805769 0.000270882366035196 0.000310455851731857 -5.1039997013265e-05 4.03191598676596e-05 0.000294074173799923 0.000322803665013763 8.47474109921492e-07 1.07335189779636e-06 0.000668135410699072 0.00036368777818046 0.000293217771535029 0.000337105070362988 0.000371365587719502 -2.75449897781006e-05 -3.12655385986838e-05 -2.23303135167617e-05 -3.47084651997114e-06 5.21959270475864e-06 6.16412982021004e-06 3.06672670152178e-06 -3.03693957369937e-07 2.82601883724208e-06 5.82897026198293e-06 6.06669418329961e-06 1.07228689767795e-05 7.42814518581135e-06 3.59229726182675e-07 -3.55658043673198e-06 -9.85734102652267e-07
"InfPriorinf_NA_123-183" -0.000101817349083036 -1.99304635761101e-05 0.000208260660297224 0.000652752737391785 0.000648120752779178 0.000633718885771197 0.000619163991802826 -0.000108973965851463 -6.57030710569239e-05 -0.000105307285465166 -6.84009197327277e-05 5.97310528032869e-05 0.000296604414753548 0.000576862600164019 0.000637587419585003 0.000648357790238502 0.000637080162368658 -0.000101692232600612 8.77943858558235e-05 0.000638697813021214 0.000624553349665207 1.75040811667453e-06 2.24089388580184e-06 0.00036368777818046 0.00151740770762469 0.000720896705725686 0.000672716287550668 0.000693038055297617 -5.2665280542759e-05 -5.7834357182177e-05 -3.93656322269405e-05 -5.09913429059395e-06 1.1321167421149e-05 1.25588030595985e-05 6.15380598346362e-06 -1.55190021471571e-06 2.28462870621595e-06 6.84727440692383e-06 6.6246363172785e-06 1.54038631920788e-05 9.34755172098466e-06 -3.54947718088727e-06 -1.20155834878849e-05 -1.27912608303001e-06
"InfPriorinf_NA_184-244" -0.000148813569346133 -3.89642889374374e-05 0.000256953849721557 0.000923516637162092 0.0010533195857603 0.0010943754677783 0.00106135835363601 -0.000157119217125245 -0.000101784130000671 -0.00015091782894856 -0.000103537588913241 7.89159088088968e-05 0.000401026216308055 0.000888699185960439 0.00104340036864888 0.00105526273745818 0.00109192348081854 -0.000145226618187767 0.000128711406650923 0.001084895966673 0.00107862565968735 2.63160657928721e-06 2.79888778208664e-06 0.000293217771535029 0.000720896705725686 0.00215218043459862 0.00114864186698264 0.00115803223217912 -7.70211374633465e-05 -8.23181883434027e-05 -5.52409578141007e-05 -7.12751652114722e-06 1.40198495751754e-05 1.56098371283237e-05 7.62297060974466e-06 -2.67023729638363e-06 1.89218537859412e-06 7.45613575198552e-06 6.18355040907011e-06 1.68055652515043e-05 6.4719062454805e-06 -1.4272068534197e-05 -2.81357162334581e-05 -1.829828868404e-06
"InfPriorinf_NA_245-305" -0.000175611220938588 -1.52278992302655e-08 0.000299050582631952 0.000942803791234753 0.00128877507293424 0.00160780789816553 0.00180606950988359 -0.00020144716988832 -0.000102603941162283 -0.000216325372151507 -0.000117419536640777 0.00012035213151838 0.000427945833739284 0.00100215251950581 0.00136844168826667 0.00133979740506324 0.00154923406508081 -0.000186361941263448 0.000160561146901064 0.00146407675250323 0.00174859746980492 3.80200498620244e-06 4.16171462998101e-06 0.000337105070362988 0.000672716287550668 0.00114864186698264 0.00683337189310638 0.00205179350523412 -0.000103651294441118 -0.000115797609537734 -8.21499617645648e-05 -1.05269615042986e-05 2.01823178688059e-05 2.24808779799884e-05 1.14060065209183e-05 -2.570536548808e-06 6.84825729550792e-06 1.63717416601438e-05 1.49954776521968e-05 2.74850720023599e-05 1.3060076876872e-05 -1.61110478774161e-05 -3.43797018878884e-05 -3.58206909475535e-06
"InfPriorinf_NA_306-366" -0.000176932877185669 1.65359546521737e-05 0.000291694923225314 0.00094116930649779 0.00134229091471003 0.00184749682369342 0.00288345030796826 -0.000175723180691869 -0.000235331829230208 -0.000615788378186317 -5.87412013358016e-05 0.00012750594767973 0.000444187345858532 0.00101891397457485 0.00148034575265392 0.00143874887821125 0.00174282132155026 -0.000121038302366021 0.000194287600885559 0.00159154049070061 0.00223871137582856 -1.20201415148798e-05 2.30625588436689e-05 0.000371365587719502 0.000693038055297617 0.00115803223217912 0.00205179350523412 86469.277842848 -8.19718688978441e-05 -5.11874686312151e-06 5.14589894079207e-05 2.43830347627452e-05 1.82388807317542e-05 6.84965045959431e-06 1.71078078345247e-05 8.76082907738516e-07 -1.222442873192e-05 2.43705431552496e-05 -7.66075022836514e-06 4.80182642958329e-05 -2.26734065708263e-05 -9.40725310690626e-06 -3.67407988723961e-05 -2.77408916742302e-05
"AgeGr0-11" 0.000216249665504971 0.000168092390729516 0.000141206609635611 0.000110306086328621 8.54538990039274e-05 7.28737555710035e-05 5.94553516156299e-05 0.000192640242968469 0.000214920670195751 0.000235394493074727 0.00023372814754259 0.00018572082467159 0.000164364731683967 0.000141200836223069 0.000108284529705622 9.78520765988496e-05 0.000121066814603252 -7.11076800636362e-05 0.000180347174010132 7.28694683455487e-05 6.84534182235446e-05 8.74400592859629e-05 9.58068570611193e-05 -2.75449897781006e-05 -5.2665280542759e-05 -7.70211374633465e-05 -0.000103651294441118 -8.19718688978441e-05 0.0106068773255737 0.0008317128056292 0.000773623236576813 0.000748405392666533 0.000755421461383214 0.000755758648229698 0.000746854672695633 0.000724223188083524 0.000717393351272579 0.000709471073579544 0.000699252250401357 0.000685588197073705 0.000678426903094835 0.000674795268205903 0.000677625187546498 -2.27218955167383e-05
"AgeGr12-15" 0.000162689793869 0.000117449664776654 8.85776426330777e-05 5.52018031351651e-05 3.22074374327629e-05 2.04870790846143e-05 6.41082925226183e-06 -1.65912376960297e-05 2.34767502633561e-05 4.93077647620968e-05 0.000171983355898715 0.000128607340960498 9.87420045503379e-05 7.93729446379517e-05 5.41371885509173e-05 4.41854039004058e-05 6.74689917987632e-05 -0.000194868726844769 8.98053903173869e-05 2.03850266327466e-05 1.6290042259234e-05 2.93411029100747e-05 6.21242123692148e-05 -3.12655385986838e-05 -5.7834357182177e-05 -8.23181883434027e-05 -0.000115797609537734 -5.11874686312151e-06 0.0008317128056292 0.0134786091090514 0.000803498870565286 0.000772155237699465 0.000761547872628008 0.000756929208970034 0.000747593065024695 0.000722470717039477 0.000714611829882184 0.00070662621845987 0.000697392321967358 0.000685443506853894 0.00067911440390769 0.000675866684080581 0.000677626515728535 -1.88715432101981e-05
"AgeGr16-17" 0.000102962787913272 6.85444296810224e-05 4.69305654012512e-05 2.59429244601007e-05 9.55469597463059e-06 1.14763437921607e-06 -1.42581304222979e-05 -0.000123332448433555 -0.000104335483169272 -0.000175722417284257 0.000102297465044096 7.83909059903092e-05 4.68081944905734e-05 3.99281193436297e-05 3.00101929960251e-05 2.1652528268408e-05 4.59258444225112e-05 -9.5135818765067e-05 2.49674560924117e-05 -1.81367414551833e-07 -3.01015039870558e-06 3.05615081873667e-05 6.22272900348526e-05 -2.23303135167617e-05 -3.93656322269405e-05 -5.52409578141007e-05 -8.21499617645648e-05 5.14589894079207e-05 0.000773623236576813 0.000803498870565286 0.0286107972191871 0.00080070401862448 0.000770291389030711 0.000760113238875716 0.000749477606711773 0.00071940291210252 0.000708809389203101 0.000699135859885095 0.000689263277130274 0.000677459941655084 0.000670564759935633 0.000666332244680355 0.000666234261497169 -1.39448450463494e-05
"AgeGr18-24" 4.71352654820519e-05 3.78105869008249e-05 2.92767211957484e-05 2.947558492559e-05 2.43314146853346e-05 2.1876765349698e-05 1.15365049268125e-05 -8.14555276309457e-05 -6.78284624226607e-05 -0.000165272734435156 3.80413476022499e-05 4.21334202374109e-05 9.69320001952592e-06 2.96904287592284e-05 3.9803484301178e-05 3.27841530676136e-05 5.89309186044459e-05 -5.99610032099031e-05 -4.29684453655722e-06 1.85602474624944e-05 1.70341842353317e-05 2.96553156263386e-05 5.64645967714034e-05 -3.47084651997114e-06 -5.09913429059395e-06 -7.12751652114722e-06 -1.05269615042986e-05 2.43830347627452e-05 0.000748405392666533 0.000772155237699465 0.00080070401862448 0.00308714484776941 0.000759792049881387 0.000752030750103803 0.000744547672416739 0.000723263256832125 0.000715103562714651 0.00070738148112656 0.000699318427937081 0.00069009542373271 0.000683697752343499 0.000679104655915882 0.000677618737706901 -8.96767710089865e-06
"AgeGr25-29" 4.73112719549361e-05 3.6129702619685e-05 3.32172387626829e-05 4.60975248055317e-05 4.38735242658049e-05 4.12700397889824e-05 1.03411025139188e-05 -4.04240788402019e-05 -3.6937051362971e-05 -5.63865388807218e-05 4.31961002120265e-05 3.47078494479451e-05 4.37107240345672e-06 4.63752239975011e-05 5.59892846293682e-05 4.56280667317066e-05 7.02052723405065e-05 -4.31328168482049e-05 5.77925794940595e-06 3.87837699860152e-05 4.04170212844419e-05 2.18613879704246e-05 3.91757446275705e-05 5.21959270475864e-06 1.1321167421149e-05 1.40198495751754e-05 2.01823178688059e-05 1.82388807317542e-05 0.000755421461383214 0.000761547872628008 0.000770291389030711 0.000759792049881387 0.00241688472924636 0.000746262390145288 0.00074108231441332 0.000727400189449601 0.000722978124404401 0.000718481815709796 0.000713276357618841 0.000707387268003475 0.000703381702631226 0.000700520407722247 0.000699984319797927 -7.15374237486907e-06
"AgeGr30-34" 4.0687290255638e-05 3.49400317284428e-05 3.31958120184495e-05 4.35921858318646e-05 4.36808703467e-05 4.23721875952753e-05 2.8609106237398e-05 -3.06438556102393e-05 -2.17786024315638e-05 -2.55683368317294e-05 3.98506560646195e-05 3.70302997871013e-05 1.68128574439928e-05 4.62465236648036e-05 5.72455799719924e-05 4.49608102410499e-05 6.19376902218178e-05 -3.47119386979566e-05 8.99076152377448e-06 3.96126620412702e-05 3.81428782357375e-05 1.96643360334051e-05 3.01003197029729e-05 6.16412982021004e-06 1.25588030595985e-05 1.56098371283237e-05 2.24808779799884e-05 6.84965045959431e-06 0.000755758648229698 0.000756929208970034 0.000760113238875716 0.000752030750103803 0.000746262390145288 0.00186100413381202 0.000739566551924797 0.000728890131468855 0.000725659248389197 0.000722285733459485 0.000718284917867128 0.000713786885640176 0.000710631766369993 0.000708319044211827 0.000707987606763546 -7.13592873674734e-06
"AgeGr35-39" 2.48389174805281e-05 2.1326495267999e-05 2.17428712057923e-05 2.56508102783814e-05 2.52601380820364e-05 2.39594164335328e-05 1.99684167578993e-05 -1.87562390981561e-05 -1.16215155117608e-05 -1.51919601016152e-05 2.4461487942753e-05 2.32517961604584e-05 8.65603818895481e-06 2.43424427815971e-05 3.39761957697911e-05 2.01427403304511e-05 5.50659128692576e-05 -1.82100621059127e-05 -8.12143330808629e-07 2.33032445507178e-05 2.40966940049436e-05 1.17414024289351e-05 1.62122237747666e-05 3.06672670152178e-06 6.15380598346362e-06 7.62297060974466e-06 1.14060065209183e-05 1.71078078345247e-05 0.000746854672695633 0.000747593065024695 0.000749477606711773 0.000744547672416739 0.00074108231441332 0.000739566551924797 0.00166567566500436 0.000730852117639994 0.000728983947397332 0.000727041428485839 0.000724732447251674 0.000722130864755362 0.000720325984734479 0.000719042267309799 0.00071908712574595 -3.45455170021071e-06
"AgeGr45-49" -1.66726826092231e-05 -1.99815156762501e-05 -1.75076415978472e-05 -2.27554852825106e-05 -2.24043219924888e-05 -2.04217950464853e-05 -8.28751618231548e-05 1.53571009346411e-05 3.07060385949386e-06 2.07886346976947e-05 -8.99117552814081e-06 -1.74400097676388e-05 -7.9794539630633e-06 -1.1612710874076e-05 -2.58870096744083e-05 -1.49115037646647e-05 -1.10204899256648e-05 1.73246446141621e-05 1.50782301501661e-06 -1.66972380839613e-05 -1.83190055667117e-05 -9.2300377133595e-06 -1.83567023017226e-05 -3.03693957369937e-07 -1.55190021471571e-06 -2.67023729638363e-06 -2.570536548808e-06 8.76082907738516e-07 0.000724223188083524 0.000722470717039477 0.00071940291210252 0.000723263256832125 0.000727400189449601 0.000728890131468855 0.000730852117639994 0.00126114526249052 0.00073882421668439 0.000741386941292559 0.000744397092473531 0.000747939485102716 0.000750638794381211 0.00075262220837214 0.000752994754549008 3.98390533113957e-06
"AgeGr50-54" -2.0346724883856e-05 -3.37639328941394e-05 -2.83551945987732e-05 -3.50426105189382e-05 -3.33420286484963e-05 -3.01265196918409e-05 -6.40435870331999e-05 1.71183800753869e-05 9.51271924429278e-06 3.60299903325221e-05 -6.44942300084915e-06 -2.90866258563744e-05 -1.57599411302578e-05 -1.49619222542876e-05 -3.14621148750927e-05 -2.71777387842866e-05 8.81061741677923e-06 1.83993093724251e-05 7.53175523940643e-06 -2.27158237628779e-05 -2.45652742514405e-05 -1.946463993286e-05 -4.32465053285896e-05 2.82601883724208e-06 2.28462870621595e-06 1.89218537859412e-06 6.84825729550792e-06 -1.222442873192e-05 0.000717393351272579 0.000714611829882184 0.000708809389203101 0.000715103562714651 0.000722978124404401 0.000725659248389197 0.000728983947397332 0.00073882421668439 0.00134476641814461 0.000749356583052415 0.000755826816497887 0.000763560280788955 0.000769670071973189 0.000774328797745211 0.000775699317652874 5.18671627019308e-06
"AgeGr55-59" -2.77336770114977e-05 -5.30546227856522e-05 -4.23162077392441e-05 -4.7943298582696e-05 -4.92553039626699e-05 -4.12275287759034e-05 -8.09458730075584e-05 2.68357509933911e-05 1.59474795002782e-05 4.33274958282413e-05 4.8730942369881e-06 -3.80330159162398e-05 -1.37726989304259e-05 -1.71885254517384e-05 -3.83411022221093e-05 -3.46397498008207e-05 -5.86480968578972e-07 2.35051961440771e-05 8.27351394226842e-06 -3.51838847257177e-05 -3.41581628784082e-05 -3.21865525896675e-05 -7.29752449910172e-05 5.82897026198293e-06 6.84727440692383e-06 7.45613575198552e-06 1.63717416601438e-05 2.43705431552496e-05 0.000709471073579544 0.00070662621845987 0.000699135859885095 0.00070738148112656 0.000718481815709796 0.000722285733459485 0.000727041428485839 0.000741386941292559 0.000749356583052415 0.00131391473587135 0.000769670107982378 0.000782690812177294 0.000793027788281513 0.000800826476115227 0.000803183590675087 4.80724865100618e-06
"AgeGr60-64" -3.81420279442128e-05 -8.9478409142623e-05 -7.11707433910976e-05 -7.6754279622288e-05 -8.76257567766125e-05 -7.31354743638134e-05 -0.00011298314904067 2.86970293074457e-05 1.86594923997402e-05 4.61974706475476e-05 1.30951810207637e-05 -4.0111508619534e-05 -1.7738760478139e-05 -2.68660105655176e-05 -5.30831253430004e-05 -4.99145049784125e-05 -1.2969796329078e-05 1.97509238638887e-05 -9.16290857776691e-06 -8.16598483501745e-05 -8.25455818203287e-05 -4.0900098372818e-05 -0.000105470679143942 6.06669418329961e-06 6.6246363172785e-06 6.18355040907011e-06 1.49954776521968e-05 -7.66075022836514e-06 0.000699252250401357 0.000697392321967358 0.000689263277130274 0.000699318427937081 0.000713276357618841 0.000718284917867128 0.000724732447251674 0.000744397092473531 0.000755826816497887 0.000769670107982378 0.00152177848401512 0.000807113642128274 0.000823392842172531 0.000835679984692969 0.000838883891081879 -2.58110063634185e-06
"AgeGr65-69" -4.62803057526341e-05 -0.000123198896547952 -0.000103936344129751 -0.000117089576955843 -0.000131459861164302 -9.74908289416859e-05 -0.000131759254096281 2.58674013625897e-05 1.91417696906071e-05 4.56809991455405e-05 1.71623021363454e-05 -3.91131047110622e-05 -1.18893476876126e-05 -2.21097404452125e-05 -5.92078116024451e-05 -3.70127273155705e-05 1.64134231460117e-05 1.50807967365098e-05 -1.43867040422296e-05 -0.000142882541766665 -0.000155715843987849 -5.13627538865507e-05 -0.000145398441455729 1.07228689767795e-05 1.54038631920788e-05 1.68055652515043e-05 2.74850720023599e-05 4.80182642958329e-05 0.000685588197073705 0.000685443506853894 0.000677459941655084 0.00069009542373271 0.000707387268003475 0.000713786885640176 0.000722130864755362 0.000747939485102716 0.000763560280788955 0.000782690812177294 0.000807113642128274 0.00163544711538991 0.000859668056348851 0.000877509446351467 0.00088177112722497 -2.83553127451117e-06
"AgeGr70-74" -3.64185491718635e-05 -0.000145952922846591 -0.000162085626582186 -0.00014502651367341 -0.00019697686863987 -0.000189814409388304 -0.000119096441439242 2.71891611884371e-05 1.7898618096828e-05 4.89276506744346e-05 2.4203513286798e-05 -4.64944261405474e-05 -2.50918905504198e-05 -2.85658505747898e-05 -9.35330890921392e-05 -7.43186184196747e-05 -2.6815326627689e-06 1.2861120141776e-05 -2.72934799928472e-05 -0.000231359517615073 -0.000244771514473164 -5.45143674232685e-05 -0.000177469585502493 7.42814518581135e-06 9.34755172098466e-06 6.4719062454805e-06 1.3060076876872e-05 -2.26734065708263e-05 0.000678426903094835 0.00067911440390769 0.000670564759935633 0.000683697752343499 0.000703381702631226 0.000710631766369993 0.000720325984734479 0.000750638794381211 0.000769670071973189 0.000793027788281513 0.000823392842172531 0.000859668056348851 0.00170917990548768 0.000917227096602527 0.0009245342096944 -3.4599848092856e-06
