"(Intercept)" "Immunity_other" "Immunityboost_001-061" "Immunityboost_062-122" "Immunityboost_123-183" "Immunityboost_184-244" "Immunityboost_245-305" "Immunityboost_306-366" "Immunityfull_001-061" "Immunityfull_062-122" "Immunityfull_123-183" "Immunityfull_184-244" "Immunityfull_245-305" "Immunityfull_306-366" "Immunityfull_367-427" "Immunityfull_428-488" "Immunityfull_489-549" "Immunityhybridboost_001-061" "Immunityhybridboost_062-122" "Immunityhybridboost_123-183" "Immunityhybridboost_184-244" "Immunityhybridboost_245-305" "Immunityhybridboost_306-366" "Immunityhybridfull_001-061" "Immunityhybridfull_062-122" "Immunityhybridfull_123-183" "Immunityhybridfull_184-244" "Immunityhybridfull_245-305" "Immunityhybridfull_306-366" "Immunityhybridfull_367-427" "Immunityhybridfull_428-488" "Immunityhybridfull_489-549" "Immunityinf_062-122" "Immunityinf_123-183" "Immunityinf_184-244" "Immunityinf_245-305" "Immunityinf_306-366" "Immunityinf_367-427" "Immunityinf_428-488" "Immunityinf_489-549" "Immunitysecboost_001-061" "Immunitysecboost_062-122" "DCCI" "AgeGr0-11" "AgeGr12-15" "AgeGr16-17" "AgeGr18-24" "AgeGr25-29" "AgeGr30-34" "AgeGr35-39" "AgeGr45-49" "AgeGr50-54" "AgeGr55-59" "AgeGr60-64" "AgeGr65-69" "AgeGr70-74" "AgeGr75-79" "AgeGr80+" "SexM"
"(Intercept)" 0.00110182627076726 -0.000296046819357916 -0.000296942988536667 -0.000256626143472248 -0.00024969714745683 -0.000257104921243754 -0.000239925744854348 -0.000232972269332646 -0.000308916126981075 -0.000303587141873178 -0.000318768551025361 -0.000324927663802415 -0.000293697191333363 -0.000291171045341575 -0.000293393352947649 -0.000266456238241668 -0.000258965206117634 -0.000312014844557376 -0.000280606039617406 -0.00027842285304898 -0.000283077355685052 -0.000254519404431489 -0.000254017267686625 -0.000330273048768515 -0.00032849186298668 -0.000333038088585349 -0.000328282979260177 -0.000316412902995881 -0.00030547950376078 -0.000306849808546616 -0.000279948663157925 -0.000292173598742189 -0.000330437041219252 -0.000329284699554786 -0.000332588612974712 -0.000335720815879263 -0.00032470666875563 -0.000322262326471141 -0.000311725933303913 -0.000308297189966818 -0.000219800484818962 -0.000214874626644192 -7.28081759487458e-05 -0.000979262184052257 -0.000875060195839394 -0.000817114533692006 -0.000800544780707897 -0.000811697915396042 -0.000811380652928611 -0.000798158003126678 -0.000770932303876099 -0.000763823060113295 -0.000754501849785849 -0.000738706053154439 -0.000724808709875234 -0.000713559151976639 -0.000705261233786959 -0.000716364460773113 -0.000110640690433922
"Immunity_other" -0.000296046819357916 0.00564287400471683 0.000302900583323419 0.000309179875877977 0.00031227082387834 0.000308521944245035 0.000312880399312979 0.000317293532183907 0.00029923719228258 0.000299907131179325 0.000298079994857152 0.000300681918748841 0.000305653964068773 0.000307752727061111 0.000305968291515852 0.000310596353412634 0.000318257317530187 0.000302996480326501 0.000307743313806675 0.000308102884744363 0.000305947456198643 0.000309436715361734 0.000315843741787878 0.000300502960733427 0.000302623256815041 0.000300487251072159 0.000301575695048368 0.000304315270207578 0.000304489010801421 0.000303483572850599 0.000306984463056519 0.000310832850931275 0.000296383982602134 0.000299788647773953 0.000299324538751521 0.000299604768909248 0.000299064767665565 0.000300239660158974 0.000300694721246166 0.000302636433935752 0.000315610944032936 0.000311294134682925 -1.24004329539623e-05 0.000137412627085847 2.0970978904098e-05 7.71454443516734e-06 -4.94473077667247e-06 9.33561431707924e-07 5.35791784823944e-06 -5.33837833185442e-07 7.98114756049226e-07 6.75153429867975e-07 -2.45180499088296e-06 -1.88399424859536e-06 1.35354919455275e-06 2.28061231349047e-06 -5.98049250919449e-06 -1.65870190012635e-05 1.46417156797564e-05
"Immunityboost_001-061" -0.000296942988536667 0.000302900583323419 0.00104328651427522 0.000322868026216318 0.000318180571885161 0.000322890740117715 0.000321625030452846 0.000313964478066315 0.000293778451670622 0.000297543948458116 0.000289941311018234 0.000311051539892877 0.000316606272310579 0.000307065945117348 0.000314507109896315 0.000320204268381597 0.000308623193953014 0.000317408012781666 0.000320633093600386 0.000318545149998699 0.000322247019804479 0.000324380092639034 0.000316366901852926 0.000299344471046339 0.000307875249255265 0.000302749746463589 0.000312047357341202 0.000316677537576378 0.000313939959047087 0.000316746837563785 0.000322724980255317 0.000316621070886241 0.00028812768289799 0.000299988252147505 0.000300005109059654 0.000303990702123682 0.000304172675906494 0.000305763641675214 0.000306728225259837 0.000310608254934223 0.00032039067490925 0.00032479628340895 -6.49459723712192e-06 0.000253326456348098 0.000163486219589251 0.000101266025943059 5.08627475266372e-05 5.66958529123372e-05 4.9879805075811e-05 2.94162749226882e-05 -1.7185206261203e-05 -1.87978466944718e-05 -2.46596256397005e-05 -3.18455138755779e-05 -3.43812900280289e-05 -2.2573511122881e-05 -4.94875137564041e-06 2.0570817452077e-05 -1.27778904043836e-05
"Immunityboost_062-122" -0.000256626143472248 0.000309179875877977 0.000322868026216318 0.000879300778987542 0.000372839258012121 0.000360720389874412 0.000383853742944814 0.000392794041703747 0.000282041187480542 0.000286858761826795 0.00026941454401449 0.000300394137878673 0.000328899023417588 0.000324519210823288 0.000328261393434577 0.000359740071026843 0.000369900593215167 0.00031234632120662 0.000339288183712214 0.000337949516977846 0.000334853629815618 0.000357456875875912 0.000370709960701244 0.000280649785519124 0.000299294372106227 0.000286100535919921 0.000297519820864025 0.000313414215740851 0.000312054552792735 0.00031356577777087 0.000331188485745641 0.000343526190949847 0.000271027731315232 0.000284777508202502 0.000284341250756859 0.000289901375461179 0.000289527108391851 0.000294166120518501 0.000295446684992779 0.000304641218257156 0.000398245941592615 0.000399101543498425 -1.23031805935046e-05 0.00021139655809375 0.000128973162599159 7.5398136124855e-05 4.31622067968847e-05 4.19522856404111e-05 4.05180214348342e-05 2.41093333702872e-05 -2.15183087754797e-05 -3.52396914675394e-05 -5.50616024114252e-05 -9.10157761152007e-05 -0.000122862444878665 -0.000142414061898224 -0.000146780117836085 -0.000119748382964722 -2.68003146967959e-06
"Immunityboost_123-183" -0.00024969714745683 0.00031227082387834 0.000318180571885161 0.000372839258012121 0.00168475864228577 0.000369528504730624 0.000407191334046618 0.000434922696575671 0.000280031403433073 0.000284355334558932 0.000265262201648591 0.000294253147492968 0.000329699737543667 0.0003341340036342 0.000331092555087533 0.000373145061539611 0.000405521924563463 0.000306363050939543 0.00034199127828523 0.000341981274778968 0.000332730876366819 0.000364235962221287 0.000397265207026847 0.000275866461566011 0.000295447461899325 0.000280296838867708 0.000289735536089061 0.000307481988558458 0.000308224244278445 0.000307550520415285 0.000326838946791837 0.000351616997769206 0.00026623987879373 0.000278598231411672 0.000278080107941569 0.000282904530699336 0.000282414475288505 0.000287650636369117 0.000289075561014953 0.000298857446108393 0.000431901699006254 0.000425334190467778 -1.35959994946217e-05 0.000204532337547533 0.000122539124681792 6.90411321879319e-05 3.57588760651565e-05 3.37920635603566e-05 3.33957827433958e-05 2.23754029804769e-05 -1.75769536534048e-05 -2.99928695874974e-05 -4.45659279211641e-05 -7.24642994700275e-05 -0.000107292500454388 -0.000160105986795592 -0.000215437965668756 -0.000203510806204206 -6.22590624956983e-07
"Immunityboost_184-244" -0.000257104921243754 0.000308521944245035 0.000322890740117715 0.000360720389874412 0.000369528504730624 0.00158984103112278 0.00038070803026072 0.000386582876662616 0.000283194446854192 0.000288017344842851 0.000271465503449418 0.000301079496177933 0.000328181571930798 0.000322560235604564 0.000327306654104516 0.00035729964192902 0.000362747493136501 0.000312264306436169 0.00033761848580068 0.000336490243208094 0.0003343240387202 0.000355380696235224 0.000365748410112124 0.000282145835588063 0.000299807865645813 0.000287409247849583 0.000298141783185125 0.000313379807682655 0.000311934248416585 0.000313453568847292 0.000330078525008499 0.000339873024713325 0.000272196770229605 0.000285857843094077 0.000285417157907393 0.000290881221470247 0.000290341205955786 0.000294666900540036 0.000295967336509585 0.000304713241193947 0.000393864007240677 0.0003962629913797 -1.27651478553105e-05 0.000212388485357525 0.000128860320899401 7.32446896473104e-05 3.83311261381443e-05 4.014021421624e-05 3.64510504875433e-05 2.25146489809236e-05 -2.14286133391744e-05 -3.66390591828171e-05 -5.27171134674276e-05 -7.81615793257887e-05 -0.000126808512407601 -0.000144289277221766 -0.000147229328414022 -9.91063903754545e-05 -3.82403684420952e-06
"Immunityboost_245-305" -0.000239925744854348 0.000312880399312979 0.000321625030452846 0.000383853742944814 0.000407191334046618 0.00038070803026072 0.00183116682939297 0.000446870052960666 0.000276653523052897 0.000281606752302334 0.000259831113086274 0.000292847200192177 0.000333741379966599 0.000335991276150643 0.000334854255152376 0.000382351114627327 0.000411941141053739 0.000306474573587508 0.000347179704471194 0.000347043643859894 0.000338051040125762 0.000373435630232695 0.000405584431404718 0.000270895305413061 0.000293650615952099 0.000276537110313563 0.0002871417072665 0.000308092854303216 0.000308449362413909 0.000308252673740935 0.00033075170176774 0.000356743899115914 0.000261811328640055 0.000275303060170339 0.000274599939567109 0.000280394774864581 0.000279584113119911 0.000285532291347005 0.00028700579862753 0.000298293593138261 0.000447953969884093 0.000443882035298602 -1.31794462554096e-05 0.000194655471205619 0.000114797135784288 6.32092394079612e-05 3.4183189954178e-05 3.69378570848234e-05 3.5711642183721e-05 2.15294766766193e-05 -2.03531845806013e-05 -3.58610906664268e-05 -5.64546676048827e-05 -9.28376939220485e-05 -0.00015149844937713 -0.00020595697952251 -0.000244473509695768 -0.000216745368314215 4.2937072158997e-07
"Immunityboost_306-366" -0.000232972269332646 0.000317293532183907 0.000313964478066315 0.000392794041703747 0.000434922696575671 0.000386582876662616 0.000446870052960666 0.0123724795960058 0.000273873247210018 0.000277920413576146 0.000253910795115681 0.000285502108043223 0.000333690108269005 0.00035026857240813 0.000337861650124962 0.000397731049073869 0.000465768529324488 0.000299946933409351 0.000350580809117074 0.000351695245906455 0.000333267895402876 0.000379883261791049 0.000442906597628344 0.000265568643734624 0.00028911245379484 0.000269333011381101 0.00027870127361473 0.000300806520004464 0.000304212896915441 0.000301218907471997 0.000325377039099902 0.000369754911738588 0.000256226329508868 0.000267578256356212 0.000266867893208318 0.000271746691625015 0.000271428802477051 0.000278157623346683 0.000279901644155982 0.000291608348920207 0.000487237318099007 0.000470442353545014 -1.2774097155874e-05 0.000188631762846662 0.000110080734295494 5.9504556042715e-05 3.17213562573147e-05 3.25672817248962e-05 3.36409628390698e-05 2.05265861766489e-05 -1.91921337468245e-05 -3.3819614616419e-05 -4.9278876868138e-05 -7.65643557921251e-05 -0.00010208208496138 -0.000187674908575281 -0.000321444589101355 -0.000356587041786833 2.31229167590533e-07
"Immunityfull_001-061" -0.000308916126981075 0.00029923719228258 0.000293778451670622 0.000282041187480542 0.000280031403433073 0.000283194446854192 0.000276653523052897 0.000273873247210018 0.00460816372000777 0.000313666944697799 0.000324710572294311 0.000301987576081831 0.000291759649335135 0.000295809676455775 0.00029310978731287 0.000282126829307364 0.000278772367925619 0.000295979225351673 0.000287604158185387 0.000288853810701536 0.000289211511799951 0.000282403894812972 0.000278736535151209 0.000313236663160622 0.000304312673623392 0.000311604483718779 0.000301709711903735 0.000295706713078126 0.000297212700857518 0.000295850811646102 0.000287838438997877 0.000284877817674296 0.000310461586274805 0.000307040372969537 0.000306185526319914 0.000303152616897743 0.000303052211151318 0.000301085237972438 0.000301071256636426 0.000298145050149894 0.000273958305212816 0.000274593184082339 -2.1793158999172e-06 0.000217443748411417 -5.55547123136484e-05 -0.000169071188722723 -9.15500794779348e-05 -3.93200892070439e-05 -2.85232704826841e-05 -1.7178497855274e-05 1.79243367691857e-05 2.02968948119396e-05 3.24851501684336e-05 3.48049420664927e-05 3.91506866501293e-05 4.11474747987465e-05 4.17106662495636e-05 4.70895145181721e-05 -3.77489816027886e-06
"Immunityfull_062-122" -0.000303587141873178 0.000299907131179325 0.000297543948458116 0.000286858761826795 0.000284355334558932 0.000288017344842851 0.000281606752302334 0.000277920413576146 0.000313666944697799 0.00370371050193666 0.000322487420187457 0.000304290237500127 0.000295368862257046 0.000297736485193166 0.00029620148863151 0.000286661459507594 0.000281350304373226 0.000299453004355364 0.000291802101402502 0.000292711876442967 0.000293663559533676 0.000287449570381027 0.000282654107897983 0.000313106519213618 0.000305831690980006 0.000312093832781216 0.000304202795390932 0.000299002774026786 0.000300180809062496 0.000299199296750645 0.00029262371721358 0.000288287165529196 0.000307448952907104 0.000307030036524723 0.000306130000429972 0.000303756792721566 0.000303869440192524 0.000302210654106381 0.000302581940248733 0.000300321308052933 0.000278718560541028 0.000279929601419528 -1.97660612587964e-06 0.000252134094251825 -4.4266418582763e-06 -0.000144775859607491 -8.34602494119235e-05 -4.2831668511553e-05 -2.64899975713594e-05 -1.45008821357409e-05 3.76161048530723e-06 1.14593567347851e-05 1.95575024236116e-05 2.42096284155571e-05 2.81563728117875e-05 2.807318967267e-05 2.94054979825097e-05 4.25489732763789e-05 -5.67311113319187e-06
"Immunityfull_123-183" -0.000318768551025361 0.000298079994857152 0.000289941311018234 0.00026941454401449 0.000265262201648591 0.000271465503449418 0.000259831113086274 0.000253910795115681 0.000324710572294311 0.000322487420187457 0.00172344930171619 0.000303800007065822 0.000285866692913999 0.000291831748261942 0.000288089569199201 0.000269251985758349 0.00026154545009695 0.000293602415929957 0.000278743632402714 0.000280591172176073 0.000281846420897551 0.000270033895568517 0.00026241472156346 0.000322511137457003 0.000307339592836281 0.000320645336346683 0.000303229962209036 0.000292653108545201 0.000295046788134367 0.000293123087631556 0.000279602485560558 0.000272839736930518 0.000317833968005201 0.000311914497168141 0.000310213127403045 0.000305596197590751 0.00030547823549304 0.000301813386636646 0.00030178415697799 0.000296528865372144 0.000254687173704069 0.000257050580151334 -4.68143213440187e-07 0.000268625371639298 1.31816087310608e-05 -0.000245405814697568 -0.000196805155128727 -6.1776290032191e-05 -2.64588570309507e-05 -1.63543908005492e-05 2.39903029153356e-05 4.25292024410394e-05 5.306396991829e-05 5.8960242102596e-05 6.25613871862731e-05 6.76005795243954e-05 7.09906647057001e-05 8.33077143221764e-05 -8.00551202562339e-06
"Immunityfull_184-244" -0.000324927663802415 0.000300681918748841 0.000311051539892877 0.000300394137878673 0.000294253147492968 0.000301079496177933 0.000292847200192177 0.000285502108043223 0.000301987576081831 0.000304290237500127 0.000303800007065822 0.00112038625888664 0.000307410132704598 0.000301319522524361 0.000305838741463374 0.000300288353144729 0.000288751657566095 0.000314344695204593 0.000307260690105145 0.000305917653847418 0.000309824264324176 0.000303637839638553 0.000294360338204761 0.000309615987508183 0.000310700988767899 0.000310578589120155 0.000315227826752623 0.000313298718678835 0.000311369627611161 0.00031306291380422 0.000311791178659563 0.000302907160935094 0.000297943455446966 0.00030690536411225 0.000306907609541703 0.000308606047228751 0.00030870760796449 0.000308592045260275 0.000309396802256409 0.000309719875891964 0.000287124093498224 0.000289027964402407 -5.79401198426242e-07 0.000275384158594873 0.000175048208901095 9.91447041494379e-05 3.55824176048871e-05 4.67643419623157e-05 4.40547667337929e-05 2.63917252116432e-05 -7.52767002021487e-06 -3.56517618803962e-06 1.14626413529966e-05 2.16886402693424e-05 2.98650905234692e-05 3.93452701951001e-05 4.45302006218744e-05 6.16926818053564e-05 -6.75107612769302e-06
"Immunityfull_245-305" -0.000293697191333363 0.000305653964068773 0.000316606272310579 0.000328899023417588 0.000329699737543667 0.000328181571930798 0.000333741379966599 0.000333690108269005 0.000291759649335135 0.000295368862257046 0.000285866692913999 0.000307410132704598 0.00241108858061295 0.000313471514016284 0.000317270470559997 0.000328887898972493 0.00032820214307512 0.000314618297405709 0.000323719581248037 0.000322470833001046 0.000322872709641533 0.000329640182293279 0.000331272923966139 0.000296342694432926 0.000306038607116113 0.00029907930909508 0.000308539885246004 0.000315867661003139 0.000314148568302037 0.000315417732803273 0.000325012460787857 0.000325904499937169 0.000285618965889576 0.000297966325414469 0.00029740081892169 0.000301022098198521 0.000300866538674655 0.000303613918393635 0.000304900815801702 0.00031002042105747 0.000335268765707178 0.000334757796934702 -7.01751084406903e-06 0.000238480754872885 0.000146056668399824 8.76045720386407e-05 4.37306832799233e-05 3.44901510619347e-05 3.75585165105938e-05 2.40090017783029e-05 -1.74468506748346e-05 -2.96946948509114e-05 -3.99562748623953e-05 -3.9008630162609e-05 -3.86542181779824e-05 -4.31984714370419e-05 -4.78427333987601e-05 -2.33308424777702e-05 1.2043772877048e-05
"Immunityfull_306-366" -0.000291171045341575 0.000307752727061111 0.000307065945117348 0.000324519210823288 0.0003341340036342 0.000322560235604564 0.000335991276150643 0.00035026857240813 0.000295809676455775 0.000297736485193166 0.000291831748261942 0.000301319522524361 0.000313471514016284 0.0055524089737648 0.000314319549246544 0.000327572115220029 0.000348276943429208 0.000305793598412154 0.000317936678008681 0.000318398121767577 0.000312892304729666 0.000323164452879688 0.00034031765925378 0.000297202617182678 0.000303262630234271 0.00029788438151361 0.000301436506450545 0.000307320488026773 0.000308191970451489 0.000306694837106173 0.000314162902506751 0.000326407139250989 0.000287095161573339 0.00029623554623707 0.000295614339977977 0.000296457139604227 0.00029607612365209 0.000298551851928737 0.000299709504156358 0.000303680043761897 0.000344151375648105 0.000335881486364657 -9.46099447317301e-06 0.000232702874646921 0.000131263746336011 6.43649811323659e-05 5.69117819416833e-06 -7.60275091190758e-06 7.28015549641828e-06 5.22837377645411e-06 -6.67362781850151e-06 -1.44494942171652e-05 -1.64662533342636e-05 -1.84248617508969e-05 -1.59696379323681e-05 -2.68273593896191e-05 -5.03202392146771e-05 -8.78487133436412e-05 2.05587161300522e-05
"Immunityfull_367-427" -0.000293393352947649 0.000305968291515852 0.000314507109896315 0.000328261393434577 0.000331092555087533 0.000327306654104516 0.000334854255152376 0.000337861650124962 0.00029310978731287 0.00029620148863151 0.000288089569199201 0.000305838741463374 0.000317270470559997 0.000314319549246544 0.00661529048304563 0.000328331735317219 0.000332547172543124 0.000312182539087565 0.000322038827687291 0.000321176753430113 0.000320243182898421 0.000328018655659677 0.000333035672153628 0.000296507458212464 0.000305234108562356 0.000298896470462128 0.000306296999571736 0.000313113030915827 0.000311943162718547 0.000312725279604862 0.000321193548233842 0.000324813975705722 0.00028608850235944 0.000297160906516792 0.000296695347645115 0.000299681599308393 0.000299339440063185 0.000301849334021743 0.000302959293171501 0.000307655871708902 0.000338677889500868 0.000337253039934032 -8.35345321659485e-06 0.000240208288472308 0.000145744924115978 7.85171841831639e-05 2.98506217542488e-05 3.42244158623531e-05 3.3344827819791e-05 1.8776057999803e-05 -1.08956035960655e-05 -2.007157623142e-05 -2.63900520008153e-05 -3.04229479861948e-05 -3.76036945932569e-05 -3.66670788431379e-05 -4.21075088635789e-05 -3.68903162595235e-05 8.80393599981034e-06
"Immunityfull_428-488" -0.000266456238241668 0.000310596353412634 0.000320204268381597 0.000359740071026843 0.000373145061539611 0.00035729964192902 0.000382351114627327 0.000397731049073869 0.000282126829307364 0.000286661459507594 0.000269251985758349 0.000300288353144729 0.000328887898972493 0.000327572115220029 0.000328331735317219 0.0169149123738733 0.000378736122439736 0.000312338374843387 0.000339087712580822 0.000338242063565363 0.000333094232245785 0.000355602043801548 0.000375644849195533 0.000282581436821246 0.00030024955512761 0.000286730156546161 0.000298780739757066 0.000314176804893317 0.000313372391650089 0.000313788362339302 0.000331974683575032 0.000347090028723003 0.000272551747298829 0.000286223601898905 0.00028537597668771 0.00029080124667884 0.000290260227560133 0.00029517431382948 0.000296743412565919 0.000305721280468834 0.000396961445475128 0.000392252705611829 -1.26018265737676e-05 0.000213332626365901 0.000131387506180728 7.87020023446343e-05 4.54096934591984e-05 4.38333683205165e-05 4.46803424913156e-05 3.16588346602782e-05 -2.36939136900671e-05 -4.08581270470757e-05 -5.53780382984546e-05 -6.92331720135278e-05 -9.1884804039646e-05 -0.000121462245342768 -0.000150346175813212 -0.000134534442665401 1.35063495814176e-05
"Immunityfull_489-549" -0.000258965206117634 0.000318257317530187 0.000308623193953014 0.000369900593215167 0.000405521924563463 0.000362747493136501 0.000411941141053739 0.000465768529324488 0.000278772367925619 0.000281350304373226 0.00026154545009695 0.000288751657566095 0.00032820214307512 0.000348276943429208 0.000332547172543124 0.000378736122439736 0.0580517460395501 0.000302098229602332 0.000343585887465158 0.000345020579658006 0.000325462659358931 0.000362504917238186 0.000424120984852898 0.000275234700766001 0.000293840163247066 0.000276382051924101 0.000286411913621007 0.000304454927340441 0.000307660806313321 0.000303750065271979 0.000326090918226324 0.000370011224406232 0.000266209637193726 0.000277387771724913 0.000276198766735497 0.000279752904771285 0.00027874392736783 0.000285407939431675 0.00028716010610573 0.000297239956124627 0.000443920226974354 0.000418895381106826 -1.68435258057913e-05 0.000196520143226739 0.000117324613339982 6.63618062199289e-05 3.07522076681773e-05 3.37772992251721e-05 2.67045682742545e-05 1.29947162966751e-05 -1.43999058526474e-05 -3.08890541604561e-05 -4.95668799125702e-05 -5.40729751965686e-05 -6.51176567481712e-05 -9.45644333948039e-05 -0.000180077725947389 -0.000341047871557765 3.70454557474867e-05
"Immunityhybridboost_001-061" -0.000312014844557376 0.000302996480326501 0.000317408012781666 0.00031234632120662 0.000306363050939543 0.000312264306436169 0.000306474573587508 0.000299946933409351 0.000295979225351673 0.000299453004355364 0.000293602415929957 0.000314344695204593 0.000314618297405709 0.000305793598412154 0.000312182539087565 0.000312338374843387 0.000302098229602332 0.00580391725128665 0.000317966595719068 0.000315691010608582 0.000319701672134902 0.000316961449281944 0.000308912900396976 0.00030552062851561 0.000311668966613894 0.000307605738838552 0.00031784415513602 0.00031971925733784 0.000316762008505447 0.000319180695258727 0.000323282076916268 0.00031452313668382 0.000293493389055533 0.000304951785811363 0.000304896738085731 0.000308783803142946 0.000309017243730959 0.000310161454314779 0.000311260029322791 0.000313984442960241 0.000301995552274136 0.000302415107972851 -1.00674977584319e-05 0.000264680070087781 0.000175833140168735 0.000115797035729032 6.00441125796221e-05 6.55979280253913e-05 6.62994453316464e-05 4.04509343370588e-05 -2.18999226961784e-05 -2.0199300848522e-05 -1.15138226284742e-05 -5.15858942561996e-06 1.72981938390627e-05 3.0287422020501e-05 3.45585584395817e-05 4.69176991704362e-05 -5.02297909210811e-06
"Immunityhybridboost_062-122" -0.000280606039617406 0.000307743313806675 0.000320633093600386 0.000339288183712214 0.00034199127828523 0.00033761848580068 0.000347179704471194 0.000350580809117074 0.000287604158185387 0.000291802101402502 0.000278743632402714 0.000307260690105145 0.000323719581248037 0.000317936678008681 0.000322038827687291 0.000339087712580822 0.000343585887465158 0.000317966595719068 0.00493696018928773 0.000329882540777182 0.000329384866661148 0.000340275998945419 0.000345584926876049 0.000292519961144659 0.000306033599592358 0.000296130629563083 0.000308686752990314 0.000318888638378874 0.000316694085875482 0.000318392698779068 0.000331433248168513 0.000335160827890367 0.000281815064156206 0.000295075943700818 0.000294685093875188 0.000299723667118962 0.000299653388765592 0.000303218205708236 0.000304549986548311 0.000311400392205011 0.00035221028469415 0.000350016482788361 -1.64147670757853e-05 0.000230336581902701 0.000146061583346853 9.06281434710706e-05 5.37708824783034e-05 5.13159777939725e-05 5.42808284849002e-05 3.35952684054554e-05 -2.39339896725334e-05 -3.82578654463202e-05 -4.3662496691237e-05 -5.99157783920996e-05 -4.85116076895429e-05 -4.67515863821373e-05 -5.07467112419534e-05 -4.96856993262449e-05 6.54240846689836e-06
"Immunityhybridboost_123-183" -0.00027842285304898 0.000308102884744363 0.000318545149998699 0.000337949516977846 0.000341981274778968 0.000336490243208094 0.000347043643859894 0.000351695245906455 0.000288853810701536 0.000292711876442967 0.000280591172176073 0.000305917653847418 0.000322470833001046 0.000318398121767577 0.000321176753430113 0.000338242063565363 0.000345020579658006 0.000315691010608582 0.000329882540777182 0.0103450247143983 0.000327164607606949 0.000338221587086433 0.000345849809597041 0.000293127037106613 0.00030541250491854 0.000296124705175988 0.000307149869546673 0.000316956125523165 0.000315364362667408 0.000316271859210123 0.000328906043522837 0.000333746231392304 0.00028237555655375 0.000295217193158615 0.000294725727367656 0.000299026642020865 0.000298763941378999 0.000302257046784956 0.00030362016360223 0.000310207467897052 0.000352889770303726 0.00034865521071482 -1.82696818398209e-05 0.000226965128054838 0.00014106392406922 8.31353863669519e-05 4.33686459997999e-05 4.18472306654631e-05 3.96802966741729e-05 2.47243558221946e-05 -2.00263188849217e-05 -3.38271317537528e-05 -4.76280442418257e-05 -4.34054206458493e-05 -4.67205964584816e-05 -5.29892473351307e-05 -5.14367153967344e-05 -5.36998684567658e-05 9.81633029142319e-06
"Immunityhybridboost_184-244" -0.000283077355685052 0.000305947456198643 0.000322247019804479 0.000334853629815618 0.000332730876366819 0.0003343240387202 0.000338051040125762 0.000333267895402876 0.000289211511799951 0.000293663559533676 0.000281846420897551 0.000309824264324176 0.000322872709641533 0.000312892304729666 0.000320243182898421 0.000333094232245785 0.000325462659358931 0.000319701672134902 0.000329384866661148 0.000327164607606949 0.00725401473314431 0.000336659032716348 0.000333095680033271 0.000295213606960348 0.000307638919322734 0.000299112493560976 0.000311546725078384 0.000320500069061089 0.000317554478767874 0.000320003828011629 0.000331449927192959 0.000328278382190173 0.000284219030645008 0.00029770702588115 0.000297376507168397 0.000302541474654047 0.000302491399968757 0.000305525559593377 0.000306819255258132 0.00031303117178689 0.000339006198763719 0.000341072928230961 -1.566285589622e-05 0.000234541716201741 0.000148646433118265 9.16910459929997e-05 5.36105950166863e-05 5.54272183260046e-05 5.29839767276309e-05 3.26825390288364e-05 -2.66316032713569e-05 -3.72842266407715e-05 -4.44282873104265e-05 -5.60373070182894e-05 -5.04543841264318e-05 -4.5712099302552e-05 -4.18868765801085e-05 -1.46368484319504e-06 1.91595514294709e-06
"Immunityhybridboost_245-305" -0.000254519404431489 0.000309436715361734 0.000324380092639034 0.000357456875875912 0.000364235962221287 0.000355380696235224 0.000373435630232695 0.000379883261791049 0.000282403894812972 0.000287449570381027 0.000270033895568517 0.000303637839638553 0.000329640182293279 0.000323164452879688 0.000328018655659677 0.000355602043801548 0.000362504917238186 0.000316961449281944 0.000340275998945419 0.000338221587086433 0.000336659032716348 0.0120898405145609 0.000365203516112068 0.000284047294172599 0.000302354871668674 0.000289281415287477 0.000303078938747123 0.000318295170240813 0.000316253885788463 0.000318213151093817 0.000336251048495631 0.000344108337000368 0.000274000783035617 0.000288367379049634 0.000287805475350202 0.00029391855397492 0.000293910901287893 0.000298659770504669 0.000300163220980376 0.000309406383299166 0.000383863326857062 0.000384042847126141 -1.78711047006169e-05 0.000207353055879803 0.0001257923513345 7.2787606729041e-05 4.12776794550583e-05 4.5773201468858e-05 4.46710961341351e-05 2.62565800827228e-05 -3.35603840058833e-05 -5.06753159057495e-05 -6.86874978099042e-05 -0.000103193987887306 -0.000100467391518175 -0.000109798656119081 -0.000125992461770188 -9.61589690422619e-05 2.56033124230253e-06
"Immunityhybridboost_306-366" -0.000254017267686625 0.000315843741787878 0.000316366901852926 0.000370709960701244 0.000397265207026847 0.000365748410112124 0.000405584431404718 0.000442906597628344 0.000278736535151209 0.000282654107897983 0.00026241472156346 0.000294360338204761 0.000331272923966139 0.00034031765925378 0.000333035672153628 0.000375644849195533 0.000424120984852898 0.000308912900396976 0.000345584926876049 0.000345849809597041 0.000333095680033271 0.000365203516112068 0.146318738673793 0.000277644873392148 0.000297453703883876 0.000280633569217426 0.000292795485029005 0.000311079651365023 0.000312208448148065 0.000310304454186336 0.000332356306509998 0.000361696943934586 0.000267956843650231 0.000280564775186153 0.00027961917884272 0.000284725866770086 0.000284077160239082 0.000290276552105782 0.000291993359629811 0.000302548116090279 0.000431063157403119 0.000415164428253782 -2.35074394469947e-05 0.00020010084540581 0.00012132793548822 6.98571913797604e-05 3.95816022646605e-05 4.58751290230696e-05 4.71464121588321e-05 2.43876384076063e-05 -1.90232005271833e-05 -3.49189753866809e-05 -5.96536810498429e-05 -6.23087742227639e-05 -6.80660388808363e-05 -0.000107192606077755 -0.000187009292417828 -0.000236937728395289 2.10718310843656e-05
"Immunityhybridfull_001-061" -0.000330273048768515 0.000300502960733427 0.000299344471046339 0.000280649785519124 0.000275866461566011 0.000282145835588063 0.000270895305413061 0.000265568643734624 0.000313236663160622 0.000313106519213618 0.000322511137457003 0.000309615987508183 0.000296342694432926 0.000297202617182678 0.000296507458212464 0.000282581436821246 0.000275234700766001 0.00030552062851561 0.000292519961144659 0.000293127037106613 0.000295213606960348 0.000284047294172599 0.000277644873392148 0.031954436220927 0.000311414492081262 0.000317353027599978 0.000312337349068792 0.000305336891165199 0.000305393798862685 0.00030428349333489 0.000296819306188133 0.000287721316447175 0.000310670608374542 0.000312513411677128 0.000311848471200627 0.000310131992594623 0.000309535878446407 0.000307769261759916 0.000308247029626372 0.000305337038847606 0.000264379234828122 0.00026277921977977 -8.65454311756981e-06 0.000266530664078562 8.94151444788018e-05 -1.41939148725422e-05 -4.87845342026628e-05 7.1138441660963e-07 1.30363722345113e-05 1.92179492174427e-06 2.15783289869548e-06 2.44135204977715e-05 4.60627228806709e-05 7.04824880448386e-05 7.32244959228156e-05 8.50677961683959e-05 7.60225514235715e-05 9.28303883687709e-05 5.806166894691e-06
"Immunityhybridfull_062-122" -0.00032849186298668 0.000302623256815041 0.000307875249255265 0.000299294372106227 0.000295447461899325 0.000299807865645813 0.000293650615952099 0.00028911245379484 0.000304312673623392 0.000305831690980006 0.000307339592836281 0.000310700988767899 0.000306038607116113 0.000303262630234271 0.000305234108562356 0.00030024955512761 0.000293840163247066 0.000311668966613894 0.000306033599592358 0.00030541250491854 0.000307638919322734 0.000302354871668674 0.000297453703883876 0.000311414492081262 0.00831261794550022 0.00031160193903748 0.000313431478133564 0.000311829933743037 0.000310485895778336 0.000310663425030016 0.000309534567363045 0.000303331334887132 0.000301375083174392 0.000308004056815643 0.000307750580672156 0.00030842362455878 0.000307891182627081 0.000307878355608805 0.000308456974300327 0.000308808821366025 0.000289601749473019 0.000288014613552893 -1.06503254278644e-05 0.000274711543026283 0.000147908698994792 4.70027180882789e-05 1.63456407369579e-05 3.45408173611725e-05 4.81698238582596e-05 2.0973066842842e-05 2.49387523562653e-06 1.70158274842557e-05 3.20226002944493e-05 3.45175857389111e-05 5.02444177027425e-05 5.2778030864324e-05 5.38631808690755e-05 6.91795774515683e-05 6.4043060629635e-06
"Immunityhybridfull_123-183" -0.000333038088585349 0.000300487251072159 0.000302749746463589 0.000286100535919921 0.000280296838867708 0.000287409247849583 0.000276537110313563 0.000269333011381101 0.000311604483718779 0.000312093832781216 0.000320645336346683 0.000310578589120155 0.00029907930909508 0.00029788438151361 0.000298896470462128 0.000286730156546161 0.000276382051924101 0.000307605738838552 0.000296130629563083 0.000296124705175988 0.000299112493560976 0.000289281415287477 0.000280633569217426 0.000317353027599978 0.00031160193903748 0.00523805592484625 0.000312817564120885 0.000307115275258608 0.000306651025772111 0.000306418046019657 0.000300143167446076 0.000290799141395825 0.000307715368670392 0.000311145963833235 0.000310533001918481 0.000309545751147564 0.000309236310040401 0.000307730633391271 0.000308131236004041 0.000306213697100308 0.000270169704386486 0.000270499360364331 -6.99586446686452e-06 0.000280672090228562 0.000143930652281805 4.82997026407682e-07 -4.87466368320332e-05 1.06076378351352e-05 3.10386468543868e-05 1.73692025429204e-05 1.02915958038299e-05 3.0477478932091e-05 4.28744435503936e-05 5.2845197497093e-05 6.80633698139667e-05 7.37141243497319e-05 7.48260528337353e-05 9.62772195914527e-05 -1.61834593543326e-07
"Immunityhybridfull_184-244" -0.000328282979260177 0.000301575695048368 0.000312047357341202 0.000297519820864025 0.000289735536089061 0.000298141783185125 0.0002871417072665 0.00027870127361473 0.000301709711903735 0.000304202795390932 0.000303229962209036 0.000315227826752623 0.000308539885246004 0.000301436506450545 0.000306296999571736 0.000298780739757066 0.000286411913621007 0.00031784415513602 0.000308686752990314 0.000307149869546673 0.000311546725078384 0.000303078938747123 0.000292795485029005 0.000312337349068792 0.000313431478133564 0.000312817564120885 0.00376037385168328 0.000317364655410203 0.000314908005914177 0.000316418808952123 0.000316130273067867 0.000304633392393316 0.000300396027706691 0.000309942578816742 0.000309756136892642 0.000311890206573927 0.000311894664422255 0.000311996839336173 0.000312991593344894 0.000313462683927633 0.000279016441054722 0.000278033163428602 -7.20871958299044e-06 0.00027463392158904 0.000175094806419088 0.000103344586041279 4.59056914444444e-05 5.35523370387891e-05 5.53497094786149e-05 3.05696226579005e-05 -1.70682721094135e-05 -6.54532422509843e-06 7.07630031659784e-06 2.8176793153806e-05 5.27609403199446e-05 6.06092854676186e-05 6.66513194849988e-05 8.12512262378117e-05 3.05833427444847e-06
"Immunityhybridfull_245-305" -0.000316412902995881 0.000304315270207578 0.000316677537576378 0.000313414215740851 0.000307481988558458 0.000313379807682655 0.000308092854303216 0.000300806520004464 0.000295706713078126 0.000299002774026786 0.000292653108545201 0.000313298718678835 0.000315867661003139 0.000307320488026773 0.000313113030915827 0.000314176804893317 0.000304454927340441 0.00031971925733784 0.000318888638378874 0.000316956125523165 0.000320500069061089 0.000318295170240813 0.000311079651365023 0.000305336891165199 0.000311829933743037 0.000307115275258608 0.000317364655410203 0.00780200277823583 0.000317813499822289 0.000319572756872282 0.000325406250372311 0.000317962574747184 0.000293982575931351 0.000305802170386583 0.00030549783738511 0.000309054420004102 0.000308766294795101 0.000310590436196557 0.000311691696429231 0.000315119873813078 0.000302591878245454 0.000301968777526798 -1.27944733264258e-05 0.000260081262322264 0.000166530525636182 0.00010482867602624 6.18539767568493e-05 5.96024074924539e-05 6.15758608325759e-05 3.49276277227894e-05 -1.43845045679634e-05 -2.06807835480038e-05 -1.34094802441108e-05 -9.11226228853889e-06 1.50128512072702e-05 2.6871676015672e-05 2.81941005217858e-05 5.39332946594371e-05 1.47307253476483e-05
"Immunityhybridfull_306-366" -0.00030547950376078 0.000304489010801421 0.000313939959047087 0.000312054552792735 0.000308224244278445 0.000311934248416585 0.000308449362413909 0.000304212896915441 0.000297212700857518 0.000300180809062496 0.000295046788134367 0.000311369627611161 0.000314148568302037 0.000308191970451489 0.000311943162718547 0.000313372391650089 0.000307660806313321 0.000316762008505447 0.000316694085875482 0.000315364362667408 0.000317554478767874 0.000316253885788463 0.000312208448148065 0.000305393798862685 0.000310485895778336 0.000306651025772111 0.000314908005914177 0.000317813499822289 0.0178655299952377 0.000316858425035756 0.000322113773571317 0.000316766268766052 0.000293929889468668 0.000305030403644175 0.000304590690675205 0.000307262263794913 0.000307195875643474 0.000308836711682839 0.000310092745176138 0.00031314541569224 0.000304433214472515 0.000302665373095204 -1.23516781180267e-05 0.00024924905678924 0.000151769326198541 8.65549308795815e-05 3.71118226862165e-05 2.66680245635011e-05 4.10851492958495e-05 2.19010182995647e-05 -1.94663220349553e-05 -2.79967229315135e-05 -2.23877227542349e-05 -1.06611714360047e-05 9.34486692419476e-06 1.83147017272474e-05 1.19338427099672e-05 3.16550064735666e-05 1.45712351413201e-05
"Immunityhybridfull_367-427" -0.000306849808546616 0.000303483572850599 0.000316746837563785 0.00031356577777087 0.000307550520415285 0.000313453568847292 0.000308252673740935 0.000301218907471997 0.000295850811646102 0.000299199296750645 0.000293123087631556 0.00031306291380422 0.000315417732803273 0.000306694837106173 0.000312725279604862 0.000313788362339302 0.000303750065271979 0.000319180695258727 0.000318392698779068 0.000316271859210123 0.000320003828011629 0.000318213151093817 0.000310304454186336 0.00030428349333489 0.000310663425030016 0.000306418046019657 0.000316418808952123 0.000319572756872282 0.000316858425035756 0.0278240726828929 0.000324519493982529 0.000317380860263717 0.000292676696136745 0.000304526857437078 0.000304234392748633 0.000307845883533125 0.000308041906325042 0.000309713514894619 0.000310908483851058 0.000314237992536956 0.000302973931931092 0.000304014274920606 -8.10097764566265e-06 0.00025375076088227 0.000163378417105221 9.7042759934882e-05 4.34471684001192e-05 5.22129504804062e-05 5.05183142386024e-05 2.80176895354771e-05 -1.83126668644165e-05 -3.63297223599868e-05 -2.65922380986774e-05 -2.49915222568484e-05 1.75777655261529e-06 1.5712947541016e-05 1.4819807118913e-05 3.69965506832732e-05 6.37351720797694e-06
