"(Intercept)" "Immunity_other" "Immunityboost_001-061" "Immunityboost_062-122" "Immunityboost_123-183" "Immunityboost_184-244" "Immunityboost_245-305" "Immunityboost_306-366" "Immunityfull_001-061" "Immunityfull_062-122" "Immunityfull_123-183" "Immunityfull_184-244" "Immunityfull_245-305" "Immunityfull_306-366" "Immunityfull_367-427" "Immunityfull_428-488" "Immunityfull_489-549" "Immunityhybridboost_001-061" "Immunityhybridboost_062-122" "Immunityhybridboost_123-183" "Immunityhybridboost_184-244" "Immunityhybridboost_245-305" "Immunityhybridboost_306-366" "Immunityhybridfull_001-061" "Immunityhybridfull_062-122" "Immunityhybridfull_123-183" "Immunityhybridfull_184-244" "Immunityhybridfull_245-305" "Immunityhybridfull_306-366" "Immunityhybridfull_367-427" "Immunityhybridfull_428-488" "Immunityhybridfull_489-549" "Immunityinf_062-122" "Immunityinf_123-183" "Immunityinf_184-244" "Immunityinf_245-305" "Immunityinf_306-366" "Immunityinf_367-427" "Immunityinf_428-488" "Immunityinf_489-549" "Immunitysecboost_001-061" "Immunitysecboost_062-122" "DCCI1" "DCCI2" "DCCI3" "DCCI4+" "AgeGr0-11" "AgeGr12-15" "AgeGr16-17" "AgeGr18-24" "AgeGr25-29" "AgeGr30-34" "AgeGr35-39" "AgeGr45-49" "AgeGr50-54" "AgeGr55-59" "AgeGr60-64" "AgeGr65-69" "AgeGr70-74" "AgeGr75-79" "AgeGr80+" "SexM"
"(Intercept)" 0.00113475119162288 -0.000294655485027065 -0.000295289748334351 -0.000255619232019904 -0.000248765194240298 -0.000255557999805087 -0.000238883937919219 -0.00023147189609536 -0.000308495804129675 -0.000302517397357745 -0.000317743090828286 -0.000323626563309889 -0.00029244624590462 -0.000289842901251705 -0.000291800743623389 -0.000264723851705845 -0.000259307153846854 -0.000309603833093339 -0.000279621861834867 -0.000277861248379397 -0.000281529812465091 -0.000253825434769867 -0.000257802289416291 -0.000327858614582848 -0.000326368436201714 -0.000330235236702785 -0.000325653402045196 -0.000314317957879027 -0.000303550700494935 -0.000302896716174227 -0.000277500868035121 -0.000293720104521438 -0.00032869725907061 -0.000326069225392742 -0.000329785247384285 -0.000334148749478018 -0.000323346470046102 -0.000320550322613488 -0.000309121813077989 -0.000305518962549171 -0.000222515402691648 -0.000209882926318521 -0.000173636442626952 -0.000158482190075342 -0.000144475676192685 -0.000134793499296294 -0.000992387939983218 -0.000874009272516557 -0.000816630654393639 -0.000800937241641159 -0.000812711844399827 -0.000813142980065964 -0.000799530427808268 -0.000770904242274359 -0.000764603389643848 -0.000755940211630957 -0.0007428153218187 -0.000732623091015329 -0.000726056780220124 -0.000723086136440823 -0.000739406226340799 -0.000111771016435194
"Immunity_other" -0.000294655485027065 0.00564399886572318 0.000302925517016655 0.000309306987623071 0.000312549964640844 0.000308603916960381 0.000313032942224841 0.000317630971264335 0.000299201247329509 0.000299891894572805 0.000298033102904076 0.000300652149933472 0.000305780729076124 0.000307838997611177 0.00030618263093355 0.00031093003534711 0.000317966359424413 0.000303014414858784 0.000308163523310594 0.000308506597959214 0.000306090038881518 0.000309720712280507 0.000316679611765632 0.000300691440731572 0.000302826098859316 0.000300487160378481 0.000301633368895044 0.000304345500238175 0.000304645627140189 0.000303665938518873 0.000307010475883307 0.000311129506942828 0.000296498244797978 0.00029981828524769 0.000299377589309343 0.000299592229028865 0.00029912032998116 0.000300178955913968 0.000300744073934947 0.000302717111523242 0.000316208626194819 0.000311985785535116 -1.74498664822336e-05 -2.09308050123868e-05 -2.37793450421832e-05 -3.33596285741464e-05 0.000136049068928933 2.12587970055744e-05 7.40294918912552e-06 -4.73298892730702e-06 1.42028234774075e-06 5.43335729668705e-06 -6.69669617089705e-07 6.73956646609622e-07 8.90668308694597e-07 -2.57965888343787e-06 -1.84641619156111e-06 1.85478062075768e-06 2.88379884662613e-06 -4.65899536802207e-06 -1.49664474718691e-05 1.48126416271507e-05
"Immunityboost_001-061" -0.000295289748334351 0.000302925517016655 0.00104335955103194 0.00032282364956914 0.000318161631918441 0.000322893631088544 0.000321601421942563 0.000313959179627775 0.000293800528077085 0.000297622963649442 0.000290046116078747 0.000311140544646312 0.000316619185599422 0.000307094588732389 0.000314520381714753 0.000320247651291644 0.000308660465332493 0.000317443114526796 0.00032055200834142 0.000318419163680224 0.000322216028598822 0.000324313488981924 0.000315889331964743 0.000299442271482512 0.000308007225535327 0.000302910470796445 0.000312164385491644 0.000316688378720329 0.000313942069878791 0.000316922463725821 0.000322826624055369 0.000315994017761186 0.000288258148477007 0.00030022814847151 0.000300137261718607 0.000304073434514033 0.000304216252554008 0.000305778892952031 0.000306790454404867 0.000310726106810234 0.000320066903349901 0.000324430479204067 -1.16996887754251e-05 -1.3380581583213e-05 -1.31219574381065e-05 -1.10842661751627e-05 0.000252447716386186 0.000163380574387462 0.000101198198669112 5.07075596708771e-05 5.66948745068819e-05 4.98009429475338e-05 2.9314153595418e-05 -1.74134560403091e-05 -1.88982106643543e-05 -2.45618357968601e-05 -3.20895776357166e-05 -3.48152531166756e-05 -2.3433059725085e-05 -6.2472923672779e-06 1.88605090319571e-05 -1.28945940960904e-05
"Immunityboost_062-122" -0.000255619232019904 0.000309306987623071 0.00032282364956914 0.000879118786966679 0.000372629392128068 0.000360494385495099 0.000383596818811034 0.000392502617457578 0.000282002907062875 0.000286892008603929 0.000269481426255387 0.000300426183211312 0.000328835686809056 0.000324393590259831 0.000328288141751404 0.000359616091585973 0.00036948566545062 0.000312349121795466 0.000339310439980338 0.000337964305497517 0.000334712902471543 0.000357275510022386 0.000370472064699233 0.000280783676000539 0.000299454057439436 0.000286177205688877 0.000297584232431997 0.000313342303545504 0.000311978955893619 0.000313819901619606 0.000331046729749338 0.000343416549836789 0.000271208204526431 0.000284894663295318 0.00028440715135805 0.000289885099980127 0.000289623998950906 0.000294085935646462 0.000295455194242069 0.000304701648486346 0.000397973629767694 0.000399025102445043 -1.52814523082008e-05 -2.38631857212724e-05 -2.66215005124491e-05 -2.40111242568556e-05 0.000210879499090559 0.000128996058328401 7.545754447187e-05 4.31365012077302e-05 4.20217999667702e-05 4.05355167531374e-05 2.40198586719425e-05 -2.16617534466414e-05 -3.53264891672765e-05 -5.51878571822924e-05 -9.10901483223527e-05 -0.000122687105595384 -0.000142556964566426 -0.00014711156864041 -0.000120044624415221 -2.8257673367066e-06
"Immunityboost_123-183" -0.000248765194240298 0.000312549964640844 0.000318161631918441 0.000372629392128068 0.00168458044427065 0.000369231887103402 0.000406818767131258 0.000434433852835043 0.000279958097743953 0.000284377378754905 0.000265315330527435 0.000294276424736617 0.000329660690425993 0.000333939073419602 0.000331200573331015 0.000372995646455012 0.000404577903522125 0.000306438316002349 0.000342248585070401 0.000342280071463401 0.000332659841096804 0.000364114380347539 0.000397430930396968 0.000276083588904298 0.000295709983186723 0.00028036122745716 0.000289827725967774 0.000307459948267125 0.000308232835918359 0.000307922682989372 0.00032661574524742 0.000352227995077394 0.000266481612268752 0.000278675943274319 0.000278134039488191 0.00028288720469002 0.000282558063447081 0.000287557380015931 0.000289132539271635 0.000298954662908469 0.000431799726067688 0.000426358828596087 -1.6882211056065e-05 -2.48603253735064e-05 -2.87828868260998e-05 -3.04359022267496e-05 0.000204091046260812 0.000122681819740888 6.9222799010045e-05 3.57727136725786e-05 3.39175871516074e-05 3.35155611765967e-05 2.24623993557991e-05 -1.76571449607791e-05 -3.00777315685524e-05 -4.44472629413793e-05 -7.24291608333708e-05 -0.000107059670230477 -0.000159850899276682 -0.000213974568964666 -0.000202215506627693 -6.58390094711699e-07
"Immunityboost_184-244" -0.000255557999805087 0.000308603916960381 0.000322893631088544 0.000360494385495099 0.000369231887103402 0.00158966450120101 0.000380405940601355 0.000386151861233856 0.000283174185814025 0.000288077095066633 0.0002715743289503 0.000301164457532665 0.000328125417266745 0.000322434156770083 0.000327318370760416 0.000357169903834698 0.000362415728391368 0.000312337082695003 0.000337561959084039 0.000336391401803898 0.000334199716418632 0.000355138933274957 0.000365137220623538 0.000282287375006268 0.000299984636624824 0.000287552993812245 0.000298253599853763 0.000313369002923917 0.000311881055050735 0.000313767070857769 0.000330002845853392 0.000339505523877918 0.000272398099112748 0.000286054820807353 0.000285550668128363 0.000290919980743023 0.000290458300934242 0.000294661051106927 0.000296034561626939 0.000304820634751247 0.000393302626234202 0.000395947821671951 -1.7454302084425e-05 -2.57342823700488e-05 -2.78631744274802e-05 -2.24477789311949e-05 0.000211630000448704 0.000128886236836691 7.3329486508524e-05 3.82614464656945e-05 4.01341323907618e-05 3.64931067643586e-05 2.24098988375012e-05 -2.15565382288419e-05 -3.68228192392335e-05 -5.27077337937698e-05 -7.86566561810205e-05 -0.000127337328239054 -0.000144911161054219 -0.000148052305195327 -0.000100528880816727 -3.9403800341096e-06
"Immunityboost_245-305" -0.000238883937919219 0.000313032942224841 0.000321601421942563 0.000383596818811034 0.000406818767131258 0.000380405940601355 0.00183088315720141 0.000446330759639582 0.000276569348360644 0.00028162816307826 0.00025989707168891 0.000292891952706845 0.00033365164972778 0.000335756404241877 0.00033487684670427 0.000382103525578387 0.000411309635498448 0.000306559583794244 0.000347207340984236 0.00034708046020522 0.000337890049860917 0.000373142716777758 0.00040520141357782 0.000271023972002005 0.000293814026920968 0.00027660728601032 0.000287206234380595 0.000308050897666729 0.000308353464342534 0.000308616128087582 0.000330506369942464 0.00035698882395404 0.000262011226805273 0.000275394004775609 0.000274657710238505 0.000280371000777445 0.000279703999147678 0.000285470015686987 0.000287053898495361 0.000298373066828545 0.000447503653717974 0.000444498172959896 -1.5931979027331e-05 -2.65539315990183e-05 -2.94036133173013e-05 -2.30898650391402e-05 0.000194091416713309 0.000114752912708966 6.32180234070347e-05 3.41592596790306e-05 3.697164497216e-05 3.57381860992558e-05 2.13806863138474e-05 -2.04465969183857e-05 -3.60060427677762e-05 -5.66522711953928e-05 -9.30663443091168e-05 -0.000152045679658364 -0.000206616701566043 -0.000245217834587298 -0.000217634644219341 2.84352904607809e-07
"Immunityboost_306-366" -0.00023147189609536 0.000317630971264335 0.000313959179627775 0.000392502617457578 0.000434433852835043 0.000386151861233856 0.000446330759639582 0.0123728292339293 0.000273749759821225 0.000277958404279951 0.000253985479814154 0.000285548188773352 0.000333614050272215 0.000350008786326334 0.000337952302134949 0.00039731924989695 0.000464752036145931 0.000300148095967897 0.000350822592983737 0.000352030805960778 0.000333131441093842 0.000379573867617344 0.000442886405600501 0.000265790978629895 0.00028936330355289 0.000269408196087203 0.000278852778195053 0.000300856790301782 0.000304196892552564 0.000301789037645432 0.000325160577126423 0.000370933002458658 0.000256504539651284 0.000267648328277972 0.000266962793476259 0.000271738721956676 0.000271585057619977 0.000278101698719857 0.000280094635196502 0.000291809145929853 0.00048694280468773 0.000473187636390635 -1.73449351208573e-05 -2.35847741801987e-05 -3.07413615756163e-05 -2.40313799873582e-05 0.000187917744601556 0.000110118260198988 5.95859250880645e-05 3.17172802229151e-05 3.24950731803566e-05 3.36557855425966e-05 2.0424019146987e-05 -1.91364960425874e-05 -3.41421529179418e-05 -4.93910112713833e-05 -7.67633444120216e-05 -0.000102415191544364 -0.00018787045825467 -0.000320532295959661 -0.000357617149557547 3.904203481531e-08
"Immunityfull_001-061" -0.000308495804129675 0.000299201247329509 0.000293800528077085 0.000282002907062875 0.000279958097743953 0.000283174185814025 0.000276569348360644 0.000273749759821225 0.00460854438342374 0.000313742994904453 0.000324828657650678 0.000302032289699819 0.000291776383654106 0.000295834646988815 0.0002931230216409 0.000282084140156419 0.000278750070370568 0.000296030844353571 0.000287556718669851 0.000288809169721087 0.000289247840446877 0.000282377851476919 0.000278619467569488 0.000313316518563621 0.000304327127395909 0.000311681622792943 0.000301759810742922 0.000295777702760212 0.000297295229630568 0.000295842538367515 0.000287870685946725 0.000284798252957344 0.000310477137976251 0.000307075441766127 0.000306257356511338 0.000303215039314784 0.00030308879890466 0.000301166223795782 0.000301144587750833 0.000298179829366372 0.000273821840839862 0.000274375633709662 -2.71167561273584e-06 -4.35583920444641e-06 -4.55078279309311e-06 -4.42697961109864e-06 0.000216344428082996 -5.63275337565687e-05 -0.000169284215321398 -9.1945364552239e-05 -4.01861781821549e-05 -2.89104149790195e-05 -1.74296259472114e-05 1.74524424459428e-05 2.00716789767598e-05 3.21163909869781e-05 3.46969704447763e-05 3.87093165489388e-05 4.11135170910666e-05 4.15919128819538e-05 4.69952921018525e-05 -3.74878808999563e-06
"Immunityfull_062-122" -0.000302517397357745 0.000299891894572805 0.000297622963649442 0.000286892008603929 0.000284377378754905 0.000288077095066633 0.00028162816307826 0.000277958404279951 0.000313742994904453 0.00370406105482349 0.000322613676018334 0.00030437138492126 0.000295423696696362 0.000297802382490531 0.000296253387756096 0.000286705001837704 0.000281458967377441 0.000299563160188476 0.000291775965752114 0.000292665000587046 0.000293737960668995 0.000287472009949257 0.000282434288866226 0.000313193010589441 0.000305893907586723 0.00031222426051666 0.000304302776086808 0.000299115158145611 0.000300273434681013 0.00029929713412808 0.00029272530354313 0.000288033110333462 0.00030748410766779 0.000307120173550793 0.00030624868760234 0.000303831593870581 0.00030391627933037 0.00030231649175725 0.000302696455707778 0.000300419331872946 0.000278604178346104 0.00027988981905029 -5.03287021143684e-06 -3.83593772138521e-06 -4.69499075339225e-06 -3.07697124091988e-06 0.000251398995937056 -5.25470786281683e-06 -0.000145489832833043 -8.36067405413519e-05 -4.31936571487879e-05 -2.65345000342864e-05 -1.46730521044245e-05 3.69094466098703e-06 1.14319738466639e-05 1.92966244338884e-05 2.40179311504077e-05 2.78888461342872e-05 2.77424372404119e-05 2.86750744588378e-05 4.16604348531759e-05 -5.90938079607304e-06
"Immunityfull_123-183" -0.000317743090828286 0.000298033102904076 0.000290046116078747 0.000269481426255387 0.000265315330527435 0.0002715743289503 0.00025989707168891 0.000253985479814154 0.000324828657650678 0.000322613676018334 0.00172376772601135 0.000303914513180136 0.000285944943774974 0.000291932457792765 0.000288156060433712 0.000269326214919219 0.000261798634431545 0.000293762873445957 0.000278690389709803 0.000280503139395241 0.000281969229482569 0.00027006857632884 0.000262149891068138 0.00032261122821653 0.000307387363169218 0.000320833372210562 0.000303352091602937 0.000292819545579376 0.000295207673633589 0.000293196218341507 0.000279712100095615 0.000272626343106407 0.000317878066544231 0.000312011797541603 0.000310340144905697 0.000305710348238743 0.000305523980482814 0.000301984375682445 0.000301937945158728 0.000296648985316722 0.00025452141767901 0.000256914633122826 -3.6356501321014e-06 -1.50339994597982e-06 -7.03308481191879e-07 6.98550469857011e-07 0.000267862593188076 1.21570227853061e-05 -0.000245674196364562 -0.000197775734702296 -6.17537018308629e-05 -2.65317612751816e-05 -1.63926309507591e-05 2.38827567284231e-05 4.24420410100879e-05 5.29878386496077e-05 5.86756467385784e-05 6.2164976959827e-05 6.68699609036653e-05 7.00344348880301e-05 8.19768969022656e-05 -8.10356373560221e-06
"Immunityfull_184-244" -0.000323626563309889 0.000300652149933472 0.000311140544646312 0.000300426183211312 0.000294276424736617 0.000301164457532665 0.000292891952706845 0.000285548188773352 0.000302032289699819 0.00030437138492126 0.000303914513180136 0.00112054243432405 0.000307458936611818 0.000301370924722896 0.000305829755821696 0.000300367678106363 0.000288907668751675 0.000314431890265272 0.000307170731468554 0.000305781839951744 0.000309874046339645 0.000303635450725399 0.000293933804391537 0.000309660917966322 0.000310778035575919 0.000310733657088496 0.000315341875883332 0.000313364360940959 0.000311419399778163 0.000313176717624459 0.000311969206879582 0.000302332650713758 0.00029800572860923 0.000307113356942643 0.000307019699531829 0.000308725051967691 0.000308729579019504 0.000308662235350042 0.000309487270073365 0.000309833287792798 0.000286828588176801 0.000288894706002995 -4.75794730612026e-06 -2.16288023591188e-06 -4.67689167700384e-07 1.15795308495076e-06 0.000274578851500559 0.000174807545161563 9.8901313206548e-05 3.52352726162938e-05 4.67087738619323e-05 4.4119444801522e-05 2.64140875236396e-05 -7.57310080622811e-06 -3.53907606295864e-06 1.13416240976751e-05 2.15546962634896e-05 2.94974882353396e-05 3.83986628523248e-05 4.31556069988784e-05 6.00445219252538e-05 -6.91805080511594e-06
"Immunityfull_245-305" -0.00029244624590462 0.000305780729076124 0.000316619185599422 0.000328835686809056 0.000329660690425993 0.000328125417266745 0.00033365164972778 0.000333614050272215 0.000291776383654106 0.000295423696696362 0.000285944943774974 0.000307458936611818 0.00241128936058656 0.000313467115410607 0.00031731727895982 0.000328960507697515 0.000328012453191387 0.000314642514418273 0.000323800523883622 0.000322507963599326 0.000322860292689596 0.000329641220612163 0.000331155070774303 0.000296486347032871 0.000306215131927052 0.000299182467949125 0.000308637762001732 0.000315881911103012 0.000314169933879713 0.000315625828212846 0.000325091154213107 0.000325468493217153 0.000285770356692835 0.000298121234153074 0.000297527456446776 0.000301066592728959 0.000300945682224296 0.000303591186305139 0.000304968480197457 0.000310122885717544 0.000335207012861344 0.000334734009585467 -1.1428285252864e-05 -1.22006380960651e-05 -1.60240750794893e-05 -1.58059243671054e-05 0.000237765054288516 0.000145979584277369 8.75942695376718e-05 4.36293807517762e-05 3.44757010303962e-05 3.76000877737549e-05 2.40592995860434e-05 -1.74818644765622e-05 -2.9695617754042e-05 -3.9825101944481e-05 -3.88584756040907e-05 -3.83860965740924e-05 -4.30241220807051e-05 -4.76848256791143e-05 -2.30441777982464e-05 1.20148790338386e-05
"Immunityfull_306-366" -0.000289842901251705 0.000307838997611177 0.000307094588732389 0.000324393590259831 0.000333939073419602 0.000322434156770083 0.000335756404241877 0.000350008786326334 0.000295834646988815 0.000297802382490531 0.000291932457792765 0.000301370924722896 0.000313467115410607 0.00555261995095221 0.000314315454949109 0.000327435130193626 0.000347754765116031 0.000305873783018163 0.00031799821686176 0.000318423559441017 0.000312883870191878 0.00032306024667861 0.000340205443225158 0.000297340021811042 0.000303349922372224 0.000297965208634255 0.000301537252491326 0.000307355688949502 0.000308226721906901 0.000306888573062827 0.000314162583776659 0.000326481806795032 0.000287194582604247 0.000296303369056655 0.000295709612903769 0.000296498089760966 0.000296166626039307 0.000298570568541602 0.000299830289741753 0.00030377414366815 0.000343926213840106 0.00033658341838345 -1.26905158342632e-05 -1.82232151758371e-05 -2.02115586244149e-05 -1.90588323428526e-05 0.000231854157080891 0.000130744444249262 6.37501012872041e-05 5.47255743784827e-06 -8.29154841495017e-06 6.93549176763208e-06 5.07912409974445e-06 -6.91987496272543e-06 -1.48368126821386e-05 -1.68783018278797e-05 -1.89632590567859e-05 -1.5982052849223e-05 -2.74105677378611e-05 -5.07128273214789e-05 -8.79621548822191e-05 2.03235218481723e-05
"Immunityfull_367-427" -0.000291800743623389 0.00030618263093355 0.000314520381714753 0.000328288141751404 0.000331200573331015 0.000327318370760416 0.00033487684670427 0.000337952302134949 0.0002931230216409 0.000296253387756096 0.000288156060433712 0.000305829755821696 0.00031731727895982 0.000314315454949109 0.00661601654546766 0.000328482396240973 0.000332167990515331 0.00031216543953312 0.000322268977674623 0.0003213930126146 0.000320287027487156 0.000328142105916297 0.000333326582759318 0.00029666977746254 0.000305437568906719 0.000298948464215895 0.000306336173273052 0.000313090801555368 0.000311967566777671 0.000312931778785103 0.000321207842557382 0.000324613924798847 0.00028622635084548 0.000297228078308113 0.000296782904101405 0.000299658867083059 0.000299388380914404 0.00030175108664575 0.000302977980501185 0.000307721384888581 0.00033902024809945 0.000337643749799316 -1.32899206355062e-05 -1.30022139690402e-05 -1.8866464796778e-05 -2.2067194403726e-05 0.000239357707083771 0.000145646523787309 7.83353907951961e-05 2.95621906607957e-05 3.42064162205048e-05 3.29471237335935e-05 1.84353471851526e-05 -1.08550055421472e-05 -2.00899291900958e-05 -2.62155379853836e-05 -3.06021665811335e-05 -3.72005644512243e-05 -3.64783700934642e-05 -4.1275630710321e-05 -3.56219253966304e-05 8.58323792849239e-06
"Immunityfull_428-488" -0.000264723851705845 0.00031093003534711 0.000320247651291644 0.000359616091585973 0.000372995646455012 0.000357169903834698 0.000382103525578387 0.00039731924989695 0.000282084140156419 0.000286705001837704 0.000269326214919219 0.000300367678106363 0.000328960507697515 0.000327435130193626 0.000328482396240973 0.0169165163372375 0.000377644927840867 0.000312449129883244 0.000339437742458352 0.000338554833619708 0.000333166975396952 0.000355632751327763 0.00037587275264815 0.000282924693264737 0.000300591387550627 0.000286913093421306 0.000298972016806904 0.000314223920752003 0.000313573402560185 0.00031419023554161 0.000331877856214144 0.000347327042997921 0.000272861657532316 0.00028650262231675 0.000285507145703867 0.000290923588645905 0.000290457327016311 0.000295165470782033 0.000296877050375736 0.00030591165434914 0.000396743359878683 0.000393077130773578 -1.94261704125032e-05 -2.35504604421703e-05 -2.14757733683563e-05 -3.1481876174748e-05 0.000212408894022566 0.000131504524163564 7.88763316527631e-05 4.54796111236319e-05 4.40346066289437e-05 4.48815534243481e-05 3.16254113792657e-05 -2.37751408535982e-05 -4.09042053820424e-05 -5.55288953232329e-05 -6.86352968463009e-05 -9.25555435863549e-05 -0.000120728371511614 -0.000150815642463466 -0.000132220235577674 1.39609553589959e-05
"Immunityfull_489-549" -0.000259307153846854 0.000317966359424413 0.000308660465332493 0.00036948566545062 0.000404577903522125 0.000362415728391368 0.000411309635498448 0.000464752036145931 0.000278750070370568 0.000281458967377441 0.000261798634431545 0.000288907668751675 0.000328012453191387 0.000347754765116031 0.000332167990515331 0.000377644927840867 0.0580502525041875 0.000302270509947796 0.000342865652874795 0.000344277694752453 0.000325134457792019 0.000361588702148558 0.00042200678024041 0.000275135060719354 0.000293625941279469 0.000276488895203336 0.000286526967230766 0.000304582412061261 0.000307270632287316 0.000304059789668199 0.000326234013961364 0.000369755723900442 0.000266313307703204 0.000277441256201136 0.000276430152711683 0.000279864033838414 0.000278797045231229 0.000285534291961735 0.000287456642780687 0.000297397523141336 0.000442451400699121 0.000421004339659041 -1.57085041771548e-05 -3.95323214042929e-05 -4.92677557922661e-05 -8.72433803905469e-06 0.000196588087485499 0.000117420570228539 6.65214992346161e-05 3.05922032059303e-05 3.39967888162118e-05 2.70181848353074e-05 1.40013916095555e-05 -1.43068527284881e-05 -3.01997636768368e-05 -4.88180148347819e-05 -5.51487051559002e-05 -6.63262644773641e-05 -9.83877298230415e-05 -0.00018524574384282 -0.000345877189825677 3.72422778124827e-05
"Immunityhybridboost_001-061" -0.000309603833093339 0.000303014414858784 0.000317443114526796 0.000312349121795466 0.000306438316002349 0.000312337082695003 0.000306559583794244 0.000300148095967897 0.000296030844353571 0.000299563160188476 0.000293762873445957 0.000314431890265272 0.000314642514418273 0.000305873783018163 0.00031216543953312 0.000312449129883244 0.000302270509947796 0.00580413800274979 0.000317828593734895 0.000315486379945938 0.00031965310789189 0.000316888923863233 0.000308386556100323 0.000305614173899734 0.000311772665101786 0.000307795512317307 0.000317952104009463 0.000319696086930066 0.00031676485907739 0.00031932530287903 0.000323398049036985 0.000313768447387468 0.000293612950589486 0.000305251605388936 0.000305040114174628 0.000308892608991707 0.000309013056455093 0.000310170686498177 0.000311343906418061 0.000314096061138159 0.000301667624457558 0.000302579394191011 -1.76186172648943e-05 -2.12185189453752e-05 -1.86729775531353e-05 -1.73344793575644e-05 0.000263480074949641 0.000175788760439806 0.000115787111590858 5.97671430827874e-05 6.51822407758049e-05 6.62730836407914e-05 4.00084667278999e-05 -2.19949065607277e-05 -2.03203604360705e-05 -1.13891879028117e-05 -5.26090831006656e-06 1.62969796533988e-05 2.86031437996955e-05 3.2015180073252e-05 4.38715832975579e-05 -5.09730669043706e-06
"Immunityhybridboost_062-122" -0.000279621861834867 0.000308163523310594 0.00032055200834142 0.000339310439980338 0.000342248585070401 0.000337561959084039 0.000347207340984236 0.000350822592983737 0.000287556718669851 0.000291775965752114 0.000278690389709803 0.000307170731468554 0.000323800523883622 0.00031799821686176 0.000322268977674623 0.000339437742458352 0.000342865652874795 0.000317828593734895 0.00493813399234851 0.000330435472081848 0.00032943732615248 0.000340577529632378 0.000346770725846439 0.000292764013201552 0.000306342054171188 0.000296113198056774 0.000308697579097477 0.000318753226986635 0.000316816207798445 0.000318562057185678 0.000331321388615595 0.000335607558520603 0.00028201301946905 0.000295150245749354 0.000294665614045873 0.000299669412613704 0.00029971678226358 0.000302983403101923 0.000304469642362499 0.000311418901563596 0.000352941025300583 0.000350534203227464 -2.13074472480005e-05 -2.72781348390625e-05 -2.9213538098446e-05 -4.69786074890021e-05 0.000229910178577992 0.00014642299777525 9.10565754714274e-05 5.42561848901746e-05 5.16206452945446e-05 5.44725514215839e-05 3.36185447662116e-05 -2.36543210135761e-05 -3.80874923364286e-05 -4.33157199716578e-05 -5.93920105985432e-05 -4.73036416520841e-05 -4.4928197801487e-05 -4.78137150652202e-05 -4.59246840505486e-05 6.92198172715379e-06
"Immunityhybridboost_123-183" -0.000277861248379397 0.000308506597959214 0.000318419163680224 0.000337964305497517 0.000342280071463401 0.000336391401803898 0.00034708046020522 0.000352030805960778 0.000288809169721087 0.000292665000587046 0.000280503139395241 0.000305781839951744 0.000322507963599326 0.000318423559441017 0.0003213930126146 0.000338554833619708 0.000344277694752453 0.000315486379945938 0.000330435472081848 0.0103469060994616 0.000327176817935257 0.000338526785696174 0.000347277134596934 0.000293336658992202 0.000305688910971655 0.000296006177574848 0.000307066216257259 0.000316751006208539 0.000315401642360104 0.000316336834560472 0.000328677435382169 0.000334174778577693 0.000282503171422708 0.000295116921427076 0.000294628469812142 0.00029886729899143 0.000298784211968899 0.000301934509308967 0.000303457454408552 0.000310113463356045 0.000353947544604727 0.000349271980138303 -2.06395926468537e-05 -2.9568824980664e-05 -3.50366888456128e-05 -5.2301968459523e-05 0.000226782345196507 0.000141344648627908 8.34172718423587e-05 4.38318666713898e-05 4.22413480069342e-05 3.9480193982824e-05 2.46098140869271e-05 -1.99903671800374e-05 -3.38125232198686e-05 -4.7384236329969e-05 -4.26645844212163e-05 -4.53614703409517e-05 -5.00226407038884e-05 -4.8062940930624e-05 -4.90492710289684e-05 9.71254048995874e-06
"Immunityhybridboost_184-244" -0.000281529812465091 0.000306090038881518 0.000322216028598822 0.000334712902471543 0.000332659841096804 0.000334199716418632 0.000337890049860917 0.000333131441093842 0.000289247840446877 0.000293737960668995 0.000281969229482569 0.000309874046339645 0.000322860292689596 0.000312883870191878 0.000320287027487156 0.000333166975396952 0.000325134457792019 0.00031965310789189 0.00032943732615248 0.000327176817935257 0.00725413048749667 0.000336603268207903 0.000332946709212456 0.000295410788466239 0.000307855337207643 0.000299246367638889 0.0003116424071453 0.000320420099672357 0.000317556266419033 0.000320189658587393 0.000331414182289465 0.000327768908080316 0.000284419955318647 0.000297929571158165 0.000297502615595377 0.000302594127634715 0.000302573153367865 0.000305447032247869 0.000306837110600866 0.000313095306509728 0.000338857468943352 0.000340743683164236 -2.14971861106835e-05 -2.95402178176577e-05 -3.10531496386482e-05 -3.46618188195614e-05 0.000233951762729141 0.0001489971783798 9.20453072143451e-05 5.37085822929892e-05 5.54967571640793e-05 5.32533469094146e-05 3.27289713394707e-05 -2.64215446566562e-05 -3.74938623450943e-05 -4.38853233602946e-05 -5.5406134670829e-05 -5.04425130567379e-05 -4.54523471506368e-05 -4.11958005782623e-05 -1.17287077059607e-06 1.87631970584731e-06
"Immunityhybridboost_245-305" -0.000253825434769867 0.000309720712280507 0.000324313488981924 0.000357275510022386 0.000364114380347539 0.000355138933274957 0.000373142716777758 0.000379573867617344 0.000282377851476919 0.000287472009949257 0.00027006857632884 0.000303635450725399 0.000329641220612163 0.00032306024667861 0.000328142105916297 0.000355632751327763 0.000361588702148558 0.000316888923863233 0.000340577529632378 0.000338526785696174 0.000336603268207903 0.0120905410372665 0.000365581488770519 0.000284290777284865 0.000302662316526818 0.000289341045243454 0.000303170094957373 0.000318207152957821 0.000316281820275385 0.00031848104456103 0.000336149991337043 0.000344216784336153 0.00027426460122198 0.000288490779084546 0.000287877949191817 0.000293899689103161 0.000294060796262186 0.000298503071241505 0.000300149820379555 0.000309475423044525 0.000384008521128241 0.000384021849444623 -2.11787464970528e-05 -3.1435313381579e-05 -3.6353534900956e-05 -4.42606632867494e-05 0.000207088026859523 0.000126133436550334 7.31873831077801e-05 4.15701101066099e-05 4.61521792678968e-05 4.48398726649922e-05 2.63189258878608e-05 -3.37268228586573e-05 -5.06874334915826e-05 -6.81471616872426e-05 -0.000103383839165434 -9.87638926002836e-05 -0.000108535945621275 -0.000123887417201576 -9.26195447133168e-05 2.74228675908693e-06
"Immunityhybridboost_306-366" -0.000257802289416291 0.000316679611765632 0.000315889331964743 0.000370472064699233 0.000397430930396968 0.000365137220623538 0.00040520141357782 0.000442886405600501 0.000278619467569488 0.000282434288866226 0.000262149891068138 0.000293933804391537 0.000331155070774303 0.000340205443225158 0.000333326582759318 0.00037587275264815 0.00042200678024041 0.000308386556100323 0.000346770725846439 0.000347277134596934 0.000332946709212456 0.000365581488770519 0.146348762543985 0.000277981482535044 0.00029783498341403 0.000280184856680531 0.000292459205893342 0.000310531949946089 0.000312282976755803 0.00031005221696754 0.000331364082170365 0.000364774467928004 0.000268168780530852 0.000280118470109017 0.000279167383455126 0.000284350190847257 0.000284092902027061 0.000289574497367762 0.000291508089597321 0.000302139489997855 0.000433088795975163 0.000416889926087902 -1.640333730243e-05 -3.53267559571631e-05 -3.67002029307464e-05 -8.22664001764112e-05 0.000202074077633374 0.000122526045792348 7.1192010758447e-05 4.11070300057975e-05 4.72383841903809e-05 4.75258247297351e-05 2.52246942704123e-05 -1.78952370067812e-05 -3.48660354406512e-05 -5.71013684747837e-05 -5.96096181760147e-05 -6.32427338735895e-05 -0.000100770395628794 -0.000174089494098112 -0.000224109505523384 2.21437815664404e-05
"Immunityhybridfull_001-061" -0.000327858614582848 0.000300691440731572 0.000299442271482512 0.000280783676000539 0.000276083588904298 0.000282287375006268 0.000271023972002005 0.000265790978629895 0.000313316518563621 0.000313193010589441 0.00032261122821653 0.000309660917966322 0.000296486347032871 0.000297340021811042 0.00029666977746254 0.000282924693264737 0.000275135060719354 0.000305614173899734 0.000292764013201552 0.000293336658992202 0.000295410788466239 0.000284290777284865 0.000277981482535044 0.0319578696643656 0.000311612672688099 0.000317479031084412 0.000312451637770461 0.000305447339941596 0.000305614110357431 0.000304445071418578 0.000296941862092872 0.000287538707905341 0.000310758349419815 0.000312675303758366 0.00031201414312403 0.000310223459546348 0.000309582617279332 0.000307839358328262 0.000308384618611946 0.000305486646985071 0.000264595790400063 0.000263093044117445 -1.62422175700043e-05 -1.52013224808683e-05 -1.51242859051613e-05 -2.37020986783585e-05 0.000265256119660869 8.9005377738801e-05 -1.43785225575356e-05 -4.87646933435149e-05 7.85631525413055e-07 1.24657555101594e-05 7.99817221443528e-07 2.50030130692829e-06 2.44501175740854e-05 4.56560182511683e-05 7.01834287895024e-05 7.32242195836716e-05 8.48057704095797e-05 7.66056493498752e-05 9.31283332438528e-05 5.79516713978135e-06
"Immunityhybridfull_062-122" -0.000326368436201714 0.000302826098859316 0.000308007225535327 0.000299454057439436 0.000295709983186723 0.000299984636624824 0.000293814026920968 0.00028936330355289 0.000304327127395909 0.000305893907586723 0.000307387363169218 0.000310778035575919 0.000306215131927052 0.000303349922372224 0.000305437568906719 0.000300591387550627 0.000293625941279469 0.000311772665101786 0.000306342054171188 0.000305688910971655 0.000307855337207643 0.000302662316526818 0.00029783498341403 0.000311612672688099 0.00831368572953825 0.000311707354139053 0.00031358722340129 0.000311952432229716 0.000310652624631495 0.000310947744867139 0.000309752465412832 0.000302908362635374 0.000301472379152205 0.00030813178844091 0.000307910196625948 0.000308495097790471 0.000307974711021073 0.000307883267710157 0.000308583066895901 0.00030897523618156 0.000290035949396109 0.000288305578573934 -1.77028015745087e-05 -1.7097165033832e-05 -2.29288977482575e-05 -2.81685497002191e-05 0.000273748964119881 0.000148268541457887 4.72506853714272e-05 1.64599076723302e-05 3.46105633828371e-05 4.83260023010887e-05 2.09547702941534e-05 2.45077673074529e-06 1.69151000097884e-05 3.17386370709513e-05 3.50771028471544e-05 5.07325867724785e-05 5.28426443453266e-05 5.46470846765947e-05 7.06925967858787e-05 6.11546114714651e-06
"Immunityhybridfull_123-183" -0.000330235236702785 0.000300487160378481 0.000302910470796445 0.000286177205688877 0.00028036122745716 0.000287552993812245 0.00027660728601032 0.000269408196087203 0.000311681622792943 0.00031222426051666 0.000320833372210562 0.000310733657088496 0.000299182467949125 0.000297965208634255 0.000298948464215895 0.000286913093421306 0.000276488895203336 0.000307795512317307 0.000296113198056774 0.000296006177574848 0.000299246367638889 0.000289341045243454 0.000280184856680531 0.000317479031084412 0.000311707354139053 0.00523856484766108 0.000313009961907808 0.000307256452625614 0.000306831533056244 0.00030662365769351 0.000300308695479224 0.000290268270902466 0.000307782899495281 0.000311402340333628 0.000310701632543392 0.000309699882289499 0.000309296769740094 0.000307897472110894 0.000308327270658727 0.000306413175740348 0.000269778629165579 0.000270589510152242 -1.49011430096105e-05 -1.53909264147655e-05 -1.11012867744514e-05 -1.24378980332525e-05 0.000279197425140447 0.000143672272815858 -6.88191072832395e-07 -4.9338062384996e-05 1.01765275557354e-05 3.0497797334268e-05 1.74403561118601e-05 1.00515520319246e-05 3.00701713839385e-05 4.23232005093972e-05 5.205727863143e-05 6.70360976050315e-05 7.19398900744196e-05 7.27470231600873e-05 9.36155341545787e-05 -5.44049578046196e-07
"Immunityhybridfull_184-244" -0.000325653402045196 0.000301633368895044 0.000312164385491644 0.000297584232431997 0.000289827725967774 0.000298253599853763 0.000287206234380595 0.000278852778195053 0.000301759810742922 0.000304302776086808 0.000303352091602937 0.000315341875883332 0.000308637762001732 0.000301537252491326 0.000306336173273052 0.000298972016806904 0.000286526967230766 0.000317952104009463 0.000308697579097477 0.000307066216257259 0.0003116424071453 0.000303170094957373 0.000292459205893342 0.000312451637770461 0.00031358722340129 0.000313009961907808 0.0037607543124827 0.000317458598443218 0.000315014868685967 0.00031663227506103 0.000316393639145955 0.000303872501062203 0.000300507511596734 0.000310226242696755 0.000309941990748891 0.000312029371959163 0.000311939353538334 0.000312076824544562 0.000313148850982551 0.00031364959546154 0.000278775844031327 0.000278157022349633 -1.51341822945544e-05 -1.43079404670339e-05 -1.35318910399594e-05 -1.43671617564523e-05 0.00027323320676308 0.000174749077531406 0.000102937417220735 4.57062393246487e-05 5.31645549365591e-05 5.51011210682621e-05 3.02952740815371e-05 -1.74472309712568e-05 -6.41559467402279e-06 6.75328374738609e-06 2.73382682318991e-05 5.21797851383192e-05 5.97883311392704e-05 6.50884517907905e-05 7.93003460413751e-05 2.87143078969603e-06
"Immunityhybridfull_245-305" -0.000314317957879027 0.000304345500238175 0.000316688378720329 0.000313342303545504 0.000307459948267125 0.000313369002923917 0.000308050897666729 0.000300856790301782 0.000295777702760212 0.000299115158145611 0.000292819545579376 0.000313364360940959 0.000315881911103012 0.000307355688949502 0.000313090801555368 0.000314223920752003 0.000304582412061261 0.000319696086930066 0.000318753226986635 0.000316751006208539 0.000320420099672357 0.000318207152957821 0.000310531949946089 0.000305447339941596 0.000311952432229716 0.000307256452625614 0.000317458598443218 0.0078021185109296 0.000317754411862099 0.000319749078195397 0.000325577704055293 0.000316839832866564 0.000294112719135145 0.000306030064805811 0.00030570806849011 0.000309127976203209 0.000308794619077985 0.000310582818050907 0.00031178786509449 0.000315225786269715 0.000302371517333944 0.000301777685621066 -1.99499458048739e-05 -2.40036387276947e-05 -2.94779610367999e-05 -2.40653749228403e-05 0.000259196376854954 0.000166731070833055 0.000104952598455003 6.20486236161197e-05 5.93538598126493e-05 6.15797312621022e-05 3.46408813933628e-05 -1.4072634967428e-05 -2.02121635447297e-05 -1.34586186511381e-05 -8.78567400634671e-06 1.50501338480387e-05 2.61033936099947e-05 2.72351186264971e-05 5.24115624813077e-05 1.45107974957227e-05
"Immunityhybridfull_306-366" -0.000303550700494935 0.000304645627140189 0.000313942069878791 0.000311978955893619 0.000308232835918359 0.000311881055050735 0.000308353464342534 0.000304196892552564 0.000297295229630568 0.000300273434681013 0.000295207673633589 0.000311419399778163 0.000314169933879713 0.000308226721906901 0.000311967566777671 0.000313573402560185 0.000307270632287316 0.00031676485907739 0.000316816207798445 0.000315401642360104 0.000317556266419033 0.000316281820275385 0.000312282976755803 0.000305614110357431 0.000310652624631495 0.000306831533056244 0.000315014868685967 0.000317754411862099 0.0178667014914937 0.000316962355698205 0.000322033638143094 0.000316577530464724 0.000294097791995754 0.00030530272280323 0.000304680036976153 0.000307373861834906 0.00030726632728471 0.000308839068014037 0.000310151273177377 0.000313229797215984 0.000304178374331905 0.000302847085743795 -1.95418263600069e-05 -2.52209899909712e-05 -1.76495634678798e-05 -2.96721261262479e-05 0.000248457000543384 0.00015192594328809 8.6675998127705e-05 3.69974241837017e-05 2.67258042370269e-05 4.13137472318119e-05 2.18212684081547e-05 -1.85837972745117e-05 -2.78528630704888e-05 -2.23708646848591e-05 -1.0371654439166e-05 9.30999538395948e-06 1.87252080230072e-05 1.16682247146672e-05 3.1726161161773e-05 1.44939073528458e-05
