"beta" "lower" "upper" "HR" "lower" "upper" "eff" "upper" "lower"
"VaccStatusboost_001-061" -1.36101674475823 -1.44844886421405 -1.2735846253024 0.256399951073088 0.234934420798605 0.279826747765658 0.743600048926912 0.765065579201395 0.720173252234342
"VaccStatusboost_062-122" -1.08038326436161 -1.1621742026208 -0.998592326102423 0.339465395721271 0.312805338819049 0.368397660114301 0.660534604278729 0.687194661180951 0.631602339885699
"VaccStatusboost_123-183" -0.896275207628575 -0.979862106259451 -0.812688308997699 0.408086871202334 0.375362855471065 0.443663756337095 0.591913128797666 0.624637144528935 0.556336243662905
"VaccStatusboost_184-244" -0.862938184489158 -0.951261547113705 -0.774614821864612 0.421920578827383 0.386253439052624 0.460881268202198 0.578079421172617 0.613746560947376 0.539118731797802
"VaccStatusboost_245-305" -0.714978894438587 -0.802769284059764 -0.62718850481741 0.489202436579445 0.448086365927099 0.534091287201096 0.510797563420555 0.551913634072901 0.465908712798904
"VaccStatusboost_306-366" -0.627723679804254 -0.722034654685975 -0.533412704922532 0.533805531375 0.485762890051781 0.586599658315134 0.466194468625 0.514237109948219 0.413400341684866
"VaccStatusboost_367-427" -0.547809526378895 -0.670091729001861 -0.42552732375593 0.578214988885018 0.511661641422204 0.653425127672258 0.421785011114982 0.488338358577796 0.346574872327742
"VaccStatusboost_428-488" -0.668693346345908 -1.27242903347912 -0.0649576592126933 0.512377640691089 0.280150300178566 0.937107140391534 0.487622359308911 0.719849699821434 0.0628928596084656
"VaccStatusfull_001-061" -0.946490212290603 -1.02431774410532 -0.868662680475885 0.388100787190499 0.359041339933511 0.419512196132562 0.611899212809501 0.640958660066489 0.580487803867437
"VaccStatusfull_062-122" -0.793334519963662 -0.867383744586823 -0.719285295340501 0.452333961105362 0.420049068575634 0.487100264412146 0.547666038894638 0.579950931424366 0.512899735587854
"VaccStatusfull_123-183" -0.708386709166986 -0.779404999467653 -0.637368418866319 0.492438002685009 0.458678844285817 0.528681864248561 0.507561997314991 0.541321155714183 0.471318135751439
"VaccStatusfull_184-244" -0.570056060615723 -0.64688810183519 -0.493224019396256 0.565493735883884 0.523672860401919 0.61065445529959 0.434506264116116 0.476327139598081 0.38934554470041
"VaccStatusfull_245-305" -0.174028109168677 -0.264433975972613 -0.0836222423647411 0.840273277943163 0.767640329900636 0.919778643882274 0.159726722056837 0.232359670099364 0.0802213561177263
"VaccStatusfull_306-366" -0.0696877939543169 -0.184819071597124 0.0454434836884903 0.932684964339642 0.831254667826782 1.04649185908272 0.0673150356603582 0.168745332173218 -0.0464918590827206
"VaccStatusfull_367-427" -0.142139404134297 -0.277601407214023 -0.0066774010545706 0.867500314925829 0.757598734730452 0.993344843248934 0.132499685074171 0.242401265269548 0.00665515675106576
"VaccStatusfull_428-488" -0.217105866980578 -0.369821015298522 -0.0643907186626347 0.804844758310169 0.690857972580002 0.937638575060869 0.195155241689831 0.309142027419998 0.0623614249391309
"VaccStatusfull_489-549" -0.0835718144196381 -0.239506009079265 0.072362380239989 0.919825027598742 0.787016544082954 1.07504484849539 0.0801749724012577 0.212983455917046 -0.0750448484953932
"VaccStatusfull_550+" -0.0361318423464647 -0.199714097914305 0.127450413221375 0.964513121426851 0.818964863372626 1.13592853980756 0.0354868785731488 0.181035136627374 -0.135928539807564
"VaccStatuspartial_001-061" -0.624917552085393 -0.714733466259266 -0.535101637911521 0.535305561526853 0.489322515377531 0.585609766966259 0.464694438473147 0.510677484622469 0.414390233033741
"VaccStatuspartial_062+" 0.125318179863102 0.00921584317785673 0.241420516548346 1.13350905545166 1.00925843981468 1.27305626399007 -0.133509055451663 -0.00925843981468133 -0.273056263990067
"VaccStatussecboost_001-061" -1.19287878026427 -1.33048015375095 -1.05527740677759 0.303346737284918 0.264350302033194 0.348095849763208 0.696653262715082 0.735649697966806 0.651904150236792
"VaccStatussecboost_062-122" -0.85255820386116 -1.0087277349231 -0.696388672799218 0.426322914816271 0.364682657557685 0.498381877862377 0.573677085183729 0.635317342442315 0.501618122137623
"VaccStatussecboost_123-183" -0.881842218798518 -1.20536909555447 -0.558315342042564 0.41401949421129 0.299581404939753 0.572172166765304 0.58598050578871 0.700418595060247 0.427827833234696
"DCCI1" 0.296629657466668 0.243419386668522 0.349839928264815 1.34531697908101 1.27560348304938 1.41884041416779 -0.345316979081012 -0.275603483049378 -0.418840414167795
"DCCI2" 0.43670208643343 0.38418615224976 0.489218020617099 1.54759495883927 1.46841876569808 1.63104028126889 -0.54759495883927 -0.468418765698085 -0.631040281268892
"DCCI3" 0.708297490165629 0.655193131895755 0.761401848435503 2.03053131465595 1.92551435970649 2.14127586170112 -1.03053131465595 -0.925514359706493 -1.14127586170112
"DCCI4" 0.878750236164737 0.822459578130371 0.935040894199103 2.40788853317333 2.27609118263413 2.54731762612323 -1.40788853317333 -1.27609118263413 -1.54731762612323
"DCCI5" 1.06367495225473 1.0024712444497 1.12487866005977 2.89699777935626 2.72500767452229 3.07984311826438 -1.89699777935626 -1.72500767452229 -2.07984311826438
"DCCI6" 1.1877853902542 1.11822784076855 1.25734293973985 3.27980966009769 3.0594276034433 3.51606666369986 -2.27980966009769 -2.0594276034433 -2.51606666369986
"DCCI7" 1.28136923913738 1.19969530369807 1.36304317457668 3.60156775850242 3.31910544949213 3.90806815766247 -2.60156775850242 -2.31910544949213 -2.90806815766247
"DCCI8" 1.37245965351428 1.26879124162712 1.47612806540144 3.94504220863466 3.5565509523335 4.37596936934018 -2.94504220863466 -2.5565509523335 -3.37596936934018
"DCCI9" 1.45270223743189 1.3153274774941 1.59007699736967 4.27465004163439 3.72597095711579 4.90412651863219 -3.27465004163439 -2.72597095711579 -3.90412651863219
"SexM" 0.17983385080505 0.150458650247345 0.209209051362755 1.19701846294476 1.16236724051152 1.23270266976904 -0.197018462944757 -0.162367240511523 -0.232702669769042
