"Immunity_other" "Immunityb45_001-061" "Immunityb45_062-122" "Immunityb45_123-183" "Immunityboost_001-061" "Immunityboost_062-122" "Immunityboost_123-183" "Immunityboost_184-244" "Immunityboost_245-305" "Immunityboost_306-366" "Immunityboost_367-427" "Immunityboost_428-488" "Immunityboost_489-549" "Immunityfull_001-061" "Immunityfull_062-122" "Immunityfull_123-183" "Immunityfull_184-244" "Immunityfull_245-305" "Immunityfull_306-366" "Immunityfull_367-427" "Immunityfull_428-488" "Immunityfull_489-549" "Immunityhybridboost_001-061" "Immunityhybridboost_062-122" "Immunityhybridboost_123-183" "Immunityhybridboost_184-244" "Immunityhybridboost_245-305" "Immunityhybridboost_306-366" "Immunityhybridboost_367-427" "Immunityhybridboost_428-488" "Immunityhybridboost_489-549" "Immunityhybridfull_001-061" "Immunityhybridfull_062-122" "Immunityhybridfull_123-183" "Immunityhybridfull_184-244" "Immunityhybridfull_245-305" "Immunityhybridfull_306-366" "Immunityhybridfull_367-427" "Immunityhybridfull_428-488" "Immunityhybridfull_489-549" "Immunityinf_062-122" "Immunityinf_123-183" "Immunityinf_184-244" "Immunityinf_245-305" "Immunityinf_306-366" "Immunityinf_367-427" "Immunityinf_428-488" "Immunityinf_489-549" "Immunitysecbnew_001-061" "Immunitysecbnew_062-122" "Immunitysecbnew_123-183" "Immunitysecboost_001-061" "Immunitysecboost_062-122" "Immunitysecboost_123-183" "Immunitysecboost_184-244" "AgeGr70-74" "AgeGr75-79" "AgeGr80+" "SexM"
"Immunity_other" 0.00132806436514593 0.000240092552426509 0.000324039960918831 0.000348320964013185 9.72654399010539e-05 9.85180390947588e-05 0.000108686580914623 0.000155215444628579 0.000176671170625449 0.000204899023590727 0.000288273710871221 0.000342550908713955 0.000354397044107187 9.77859022496071e-05 9.88342561882221e-05 0.000101237615082944 0.000102461468791333 0.000110602773928993 0.000129897772746708 0.000171679682520786 0.00019547625321248 0.000221367897712874 0.000118801022116446 0.000123724774256877 0.000171261762118868 0.000183297742498829 0.000188995012369862 0.000235061572079687 0.000313263506024492 0.000343591936122304 0.000353912971062864 0.000104109415446058 0.000101992351661566 0.000113256490502624 0.000131457049776551 0.000153456803140426 0.000185796089099457 0.000225035106515048 0.000258097518911559 0.000260658177429375 0.000109018871347505 0.000140839101094935 0.000176332324814571 0.000170603294245933 0.000141127795819138 0.000136685533860322 0.000134774991692085 0.000136416812920818 0.000236989550800832 0.000322766924165922 0.000348741040945514 0.000190953501563363 0.000241831743265448 0.000322474426947203 0.000346594726389719 -3.4981292649073e-06 -1.21641233875813e-05 -5.53980664817988e-06 3.51013968992886e-06
"Immunityb45_001-061" 0.000240092552426509 0.333814021185898 0.000358630289227341 0.000300352769566913 6.02635731519767e-05 6.61054808392073e-05 8.56371936902795e-05 0.000166325282985645 0.000222527999740832 0.00035359382015568 0.000439520044069251 0.000312941433860715 0.000297721459801374 6.21598878750326e-05 6.67160101054418e-05 6.73761755724179e-05 7.0697109718378e-05 9.10646170373761e-05 0.000136377566439584 0.000201263818838367 0.000263900675387057 0.000364194266762673 0.000113698239001506 0.000117784336313303 0.000178160213439281 0.000215970545877167 0.000266368242531351 0.00038230846632963 0.000380074424272658 0.000309209323764232 0.000297015158496324 7.64417750706514e-05 7.28849518673836e-05 9.06090525436779e-05 0.000126955556145828 0.000185109439246284 0.000262680693790946 0.000303369851037976 0.000307637632577652 0.000356673603622618 8.8089342121134e-05 0.000139701708245104 0.000216194268746062 0.000233146063868267 0.000155799579152416 0.00012717412191398 0.000107887349943699 0.000130001012026796 0.00048234350127172 0.000362953606867518 0.000301458578315895 0.000284300056201741 0.000435358202883775 0.000365024147588406 0.000306157409900783 -1.09329083555448e-05 -2.08579470581396e-05 -1.2192075196842e-05 -1.0261829131269e-06
"Immunityb45_062-122" 0.000324039960918831 0.000358630289227341 0.250711405772573 0.000699080157953727 6.01246273527631e-05 6.56210092465234e-05 8.2636248883331e-05 0.000139803521003324 0.000169156553579198 0.000233293707834698 0.000574037121801216 0.000723446236682429 0.000671764175879404 6.17563663722061e-05 6.61666427042408e-05 6.61112975198351e-05 6.79750170646719e-05 8.20068825635729e-05 0.000114387609583427 0.000188080653484244 0.00022330341693432 0.000305824335385055 9.82999006925586e-05 0.000121656939604708 0.000220640266988722 0.00020553313944172 0.000202243949338533 0.000350470118316571 0.000648647243856151 0.000717651778924474 0.000670977887114761 7.31375071085538e-05 7.15551072715537e-05 9.05125248385212e-05 0.000112735821644254 0.000145091152626813 0.000222531039657694 0.000346723219679551 0.000441241630930325 0.000442637181988636 8.48154042532105e-05 0.000140331666642078 0.00018323576929842 0.000177348774728171 0.000154623112313607 0.000163229000178318 0.000156384868779976 0.000124889855350248 0.000345164467302279 0.000709820891506115 0.000700358232082341 0.000198674602296739 0.000375636486038956 0.000682871376029842 0.000712528345065579 -1.09369090482989e-05 -2.05358481742847e-05 -1.1201923183871e-05 -5.70655018371784e-07
"Immunityb45_123-183" 0.000348320964013185 0.000300352769566913 0.000699080157953727 0.201012367368479 5.99969652308565e-05 6.51776433664207e-05 8.17427812619306e-05 0.000135534616132207 0.000159626153117943 0.00020688432114838 0.000491947596888627 0.000901353019144462 0.00111023383639609 6.15020953711449e-05 6.58071095862661e-05 6.58534006776485e-05 6.73990083358275e-05 8.01158348738394e-05 0.00010785489674907 0.000178784238706035 0.000223672878627834 0.000273207071723349 9.4598277754275e-05 0.000116089995469027 0.000235629962339034 0.000214659024146914 0.000188278128258211 0.00032343011277071 0.000675582692148558 0.000927223753647989 0.00110986739999992 7.25875682061139e-05 7.06247008776036e-05 9.03690664723655e-05 0.000111531690891141 0.000136413260475648 0.000205090881074645 0.000343039427450149 0.000488641801117221 0.000474725798848345 8.28576616564171e-05 0.000140248803640936 0.000181242673763104 0.000163079205538903 0.000146120321797541 0.000171355261765764 0.000172793991677026 0.000132346051969682 0.000286719766910144 0.000684858252784123 0.00101174118487411 0.000181992694064705 0.000317528130289762 0.000723084872798661 0.000965819520395042 -1.00908500167354e-05 -1.83786025808049e-05 -1.01749693921491e-05 -1.20404383351125e-06
"Immunityboost_001-061" 9.72654399010539e-05 6.02635731519767e-05 6.01246273527631e-05 5.99969652308565e-05 0.000466447079180614 0.00016687832560296 0.000119062030745343 7.40057620507235e-05 6.51755983039701e-05 6.04611825779903e-05 6.03958855544965e-05 6.00243043575681e-05 5.57789079375243e-05 0.000195593556447068 0.000163998036808137 0.000191312853441496 0.000184751498321789 0.000147618943101352 0.000117624957806622 7.45942598040525e-05 6.48438953227041e-05 6.07922804859874e-05 0.000157285389234995 0.000139506299820738 8.78709605161902e-05 6.84946390877074e-05 6.45332435747703e-05 6.12178417139884e-05 6.13403561142473e-05 6.05959846182176e-05 5.65250508028892e-05 0.000177921692757256 0.000171800987334625 0.000151090432118809 0.000129456038904626 9.70561423033986e-05 8.04252908417348e-05 6.84089510167354e-05 6.34932775931024e-05 6.15911762819483e-05 0.00015716506294846 0.000102132798993441 7.13916049610505e-05 9.63027166018538e-05 0.000149052976860259 0.000148457179418777 0.00014695980842585 0.000106994001517285 5.99308165874394e-05 5.9686092954742e-05 5.93134465552076e-05 6.14339843241991e-05 5.92705312014808e-05 5.87279074516358e-05 5.83738648322087e-05 3.69814175018238e-06 3.52912511953714e-06 2.36508069438098e-05 2.92633790664975e-07
"Immunityboost_062-122" 9.85180390947588e-05 6.61054808392073e-05 6.56210092465234e-05 6.51776433664207e-05 0.00016687832560296 0.000272107334099467 0.000154531068010185 8.05275438166109e-05 7.05812938174459e-05 6.72268489341734e-05 6.58637701093267e-05 6.55345092301908e-05 6.52272350447115e-05 0.000169396018928693 0.000172080462861861 0.000160259815831239 0.000162095812436661 0.000157577521888069 0.000132477688443972 8.32018379123206e-05 6.95915242916582e-05 6.71634911111284e-05 0.000150067595623785 0.000153151892259704 0.000105136047696283 7.36656689583263e-05 6.91569576965594e-05 6.66021737200799e-05 6.56561710117249e-05 6.54099645716906e-05 6.51243373076768e-05 0.000163654162042632 0.00016845327321219 0.000150550951599208 0.000126386837523324 0.000104117187548366 8.62275847929841e-05 7.40967210940475e-05 6.74139753950547e-05 6.6545217098169e-05 0.000160521575619537 0.0001196536711004 7.61141139545436e-05 8.91655528240215e-05 0.000137258722005449 0.000150718690824363 0.000147394707163835 0.000124182264966879 6.63768279203135e-05 6.5809653921113e-05 6.55000630716077e-05 6.82438819613414e-05 6.63214825340787e-05 6.5583756978378e-05 6.53542379719495e-05 -4.06102666791783e-06 -1.15801754226966e-05 3.81991847785342e-06 -8.53523199895812e-07
"Immunityboost_123-183" 0.000108686580914623 8.56371936902795e-05 8.2636248883331e-05 8.17427812619306e-05 0.000119062030745343 0.000154531068010185 0.000441499945747679 0.000128027875546221 9.89668399937155e-05 9.04437911746533e-05 8.3543754221878e-05 8.23937528684936e-05 8.53991476294554e-05 0.000126746862270511 0.000162595974780905 0.000134808319225085 0.000129485680179376 0.000160186254604387 0.000158594381864283 0.000120755959621713 9.58324947900986e-05 9.02651715544594e-05 0.000134135300689263 0.000156118658387755 0.000155502271896 0.000107298083569667 9.43433210602871e-05 8.70384859286555e-05 8.19516950034031e-05 8.16885508133888e-05 8.45752778624333e-05 0.000136860468701877 0.000146038416880081 0.000160478640466626 0.000132180820389893 0.00012485146362939 0.000109456717724503 9.88901195389139e-05 8.81395910545452e-05 8.67624671652937e-05 0.000152960085499339 0.000163279217265094 0.000108910693780181 9.90072526955467e-05 0.00011634940330774 0.000144131394931513 0.000146871765258117 0.000152731817260407 8.65323793894379e-05 8.33688182071261e-05 8.28967057208574e-05 9.37394231568774e-05 8.72703405271793e-05 8.3857151333492e-05 8.34598735484243e-05 -8.92060985371621e-06 -2.28159529479004e-05 -1.31130536794911e-05 -1.64831491881102e-06
"Immunityboost_184-244" 0.000155215444628579 0.000166325282985645 0.000139803521003324 0.000135534616132207 7.40057620507235e-05 8.05275438166109e-05 0.000128027875546221 0.000575664366046351 0.000254933140729397 0.000194278223527972 0.000149199969625866 0.000136515092658484 0.000134083936196382 7.52516898437471e-05 8.51806726825583e-05 9.31686318796237e-05 9.54961050934537e-05 0.000108668169299786 0.000164505704345134 0.000259016888783102 0.000228999592534889 0.000194803608447264 0.000107860953338093 0.000111388716216764 0.000204955725183448 0.000272843723434448 0.000231040213871359 0.000177822393486522 0.000143314647694784 0.000136394609530878 0.000134235741781633 8.80224685982197e-05 8.8346899222838e-05 0.000125930933819829 0.000176418078516821 0.000198863222009768 0.000198410138840594 0.00020277796683646 0.000183801581236521 0.000176310600973784 0.000103990413988683 0.000197695245284655 0.000257219687035007 0.000201620242505856 0.000110762740445851 9.58576590054649e-05 0.00011491225124264 0.000188489079412795 0.000167669825504764 0.000140048383912779 0.0001355201114317 0.000217226166229038 0.000168941370120987 0.000140229464029153 0.000135383880203967 -1.34909338944434e-06 -6.17167497860295e-06 9.42500929097013e-06 3.41704742405077e-07
"Immunityboost_245-305" 0.000176671170625449 0.000222527999740832 0.000169156553579198 0.000159626153117943 6.51755983039701e-05 7.05812938174459e-05 9.89668399937155e-05 0.000254933140729397 0.000452265603981394 0.000274590716408839 0.000188020083462285 0.000161954151094435 0.000159803949000033 6.65726928266054e-05 7.28444576367296e-05 7.69425442342902e-05 8.3074729641546e-05 0.000104303850120446 0.000144276322218494 0.000251579012823504 0.000283065867717023 0.000255145209987159 0.00011192103552735 0.000104093583852179 0.000184017639931604 0.000272230805120828 0.000293569124270321 0.000242489443035779 0.000175065238390934 0.000161165025571426 0.00015950157603163 8.17230279629022e-05 7.69079574782282e-05 0.000105911379150803 0.000162299410820646 0.000217931972884094 0.000232875670906569 0.000230922157848791 0.000227942189013026 0.000220975837566313 9.05190554960367e-05 0.0001705436751513 0.000272003852622495 0.000237667939630857 0.000125504696748827 9.28312581038038e-05 9.89980637403905e-05 0.000171241316001642 0.000225515257613619 0.000170059271530168 0.000160152836830077 0.000296724495844541 0.000228823941146001 0.000171018453980433 0.000160869295769688 -5.30684138183746e-06 -1.40046499528741e-05 -1.24426815916889e-06 -4.46341505918251e-08
"Immunityboost_306-366" 0.000204899023590727 0.00035359382015568 0.000233293707834698 0.00020688432114838 6.04611825779903e-05 6.72268489341734e-05 9.04437911746533e-05 0.000194278223527972 0.000274590716408839 0.000625931984789402 0.00028312782882921 0.000213062977688267 0.000208226445438623 6.2679376116592e-05 6.77084716794692e-05 6.90540485071851e-05 7.37176963907835e-05 9.89306296301626e-05 0.000139683503769046 0.000220335700662303 0.000293665664800823 0.000320219320978958 0.000115445556584324 0.000109365894366127 0.000171693666697111 0.00024317738654169 0.00029858182106068 0.000330302586383729 0.000248189336517222 0.000210849877449861 0.000207310226109948 7.82228628431876e-05 7.28326799826217e-05 9.38066837639756e-05 0.00014257377788614 0.000206252375291347 0.000262601915535132 0.000260260415116371 0.000267801026113518 0.000284315620460556 8.72990471531658e-05 0.00014722353864955 0.00025050026234322 0.00024468745888253 0.000144877864304083 0.000104164555442089 9.74180738102564e-05 0.000145125852798957 0.000358858241013748 0.0002357560586088 0.000208159793420769 0.000321807569884744 0.000340956836295633 0.000239009688875355 0.00021071214956987 -1.07040580145067e-05 -2.48232595361769e-05 -1.54941084729244e-05 -2.43928607203862e-07
"Immunityboost_367-427" 0.000288273710871221 0.000439520044069251 0.000574037121801216 0.000491947596888627 6.03958855544965e-05 6.58637701093267e-05 8.3543754221878e-05 0.000149199969625866 0.000188020083462285 0.00028312782882921 0.00142567889299973 0.000521559383867384 0.000475561284019064 6.21258743831206e-05 6.65508555493414e-05 6.67820133693739e-05 6.92212412759567e-05 8.53756676470797e-05 0.000124502318719358 0.000193792294437463 0.000235843694725241 0.000342741407763008 0.000105124521685468 0.000122238919107161 0.00020125333794132 0.000205023795159301 0.000227774761677406 0.000373053770810275 0.00054990843951829 0.000513798430728131 0.000474911054792994 7.45754344751635e-05 7.25510690161524e-05 9.05785382811964e-05 0.000117369434790638 0.0001611082385472 0.000241470742723973 0.000337529733478889 0.00037721624206699 0.000411575788992916 8.70173226393705e-05 0.00013983906351858 0.00019320185237559 0.00020181557458958 0.000157782708448413 0.000150462519097118 0.00013334614064348 0.00012493374067627 0.000431069709377313 0.000577723361965053 0.000493258384471744 0.000230982103143521 0.000424703528818487 0.000555902728091939 0.000506192522560375 -8.8135614358291e-06 -2.02177122521495e-05 -9.69157168374156e-06 7.23408267383664e-07
"Immunityboost_428-488" 0.000342550908713955 0.000312941433860715 0.000723446236682429 0.000901353019144462 6.00243043575681e-05 6.55345092301908e-05 8.23937528684936e-05 0.000136515092658484 0.000161954151094435 0.000213062977688267 0.000521559383867384 0.00191447412230957 0.000921784894932445 6.16615893721942e-05 6.59992793464547e-05 6.59365825871789e-05 6.75909114734016e-05 8.08475467315639e-05 0.000109750062524586 0.0001823385703802 0.00022270970475392 0.00028209669582082 9.54041456911651e-05 0.000118345164993872 0.000232001203490228 0.000211360599485186 0.000191293005359655 0.000331895230584378 0.000674282412277098 0.000867856937767376 0.000920601789686187 7.27405076990386e-05 7.09343348553195e-05 9.05579434113306e-05 0.000111757488279411 0.000138412700057095 0.000210239537180763 0.000344654573447489 0.000478924095271633 0.000462790546450399 8.34079106302561e-05 0.000140613681042368 0.000181511660940275 0.000166215514781314 0.000149221903960655 0.000169260755409843 0.000169543791393945 0.000129002830487724 0.000299251694344258 0.000713772848702921 0.000901639591030809 0.000185935041664649 0.000333922856830651 0.000722549615491249 0.000883971075662734 -1.02966981666415e-05 -2.15932680392112e-05 -1.10896198999867e-05 6.10014892429711e-07
"Immunityboost_489-549" 0.000354397044107187 0.000297721459801374 0.000671764175879404 0.00111023383639609 5.57789079375243e-05 6.52272350447115e-05 8.53991476294554e-05 0.000134083936196382 0.000159803949000033 0.000208226445438623 0.000475561284019064 0.000921784894932445 0.0160670381656195 5.90639598904583e-05 6.34933362403408e-05 6.18879743972629e-05 6.35449932101908e-05 7.93942953087669e-05 0.000110050220821764 0.000175891758383865 0.000225913915426098 0.000271740357252451 9.2715817974994e-05 0.000114405748377192 0.00023934513459766 0.000217451717534147 0.000187944073076516 0.000319794689971793 0.000676052328089442 0.000965489758914455 0.00136412804785301 6.96562257081001e-05 6.75699020769783e-05 8.74886469264698e-05 0.000108792242573193 0.000134424006193514 0.000201975322793288 0.000341710946068745 0.000490994457472414 0.000492930056517105 8.00193927632973e-05 0.000138331253188234 0.000180379081392537 0.000160383920257871 0.000141778637391877 0.000171886706701833 0.000173245274361166 0.000136673598618564 0.00028466410108081 0.000654392424014656 0.00111077206862223 0.00018399101901608 0.000312396886631984 0.000719393026701799 0.00103940903601667 -1.91135584726184e-05 -4.01008485528847e-05 -3.63341815557037e-05 -6.47912131938122e-07
"Immunityfull_001-061" 9.77859022496071e-05 6.21598878750326e-05 6.17563663722061e-05 6.15020953711449e-05 0.000195593556447068 0.000169396018928693 0.000126746862270511 7.52516898437471e-05 6.65726928266054e-05 6.2679376116592e-05 6.21258743831206e-05 6.16615893721942e-05 5.90639598904583e-05 0.00354405569431347 0.000165357776469492 0.000181188546005545 0.000177939733603484 0.000149518720582048 0.000121715209333302 7.66638204657126e-05 6.61613511162838e-05 6.30088171860357e-05 0.000154813795101421 0.000142937683359448 9.16640802925208e-05 6.95972722843385e-05 6.57112309448223e-05 6.28889300485497e-05 6.25478684820754e-05 6.19441111155044e-05 5.94513008950872e-05 0.000173376879873704 0.000170654319457396 0.00014942957454597 0.00012800978253375 9.84743378092544e-05 8.19209632110569e-05 6.98428209964232e-05 6.45550917151289e-05 6.3178800164189e-05 0.000157827964700257 0.000105679811464607 7.24455917946207e-05 9.40055922215385e-05 0.000145871542726316 0.00014868959267365 0.000146761809847075 0.00011098801143085 6.20208065182774e-05 6.15267751168824e-05 6.1155246612289e-05 6.35356460465076e-05 6.16048565889198e-05 6.09168243420849e-05 6.05674572128e-05 3.51852901374517e-06 2.16441113641772e-07 1.53463429470149e-05 1.22638430166664e-06
"Immunityfull_062-122" 9.88342561882221e-05 6.67160101054418e-05 6.61666427042408e-05 6.58071095862661e-05 0.000163998036808137 0.000172080462861861 0.000162595974780905 8.51806726825583e-05 7.28444576367296e-05 6.77084716794692e-05 6.65508555493414e-05 6.59992793464547e-05 6.34933362403408e-05 0.000165357776469492 0.00282488375410548 0.000160993003585937 0.000160291244767885 0.000158521814675998 0.000133848084728746 8.72534468248302e-05 7.19804786340233e-05 6.79863375239175e-05 0.000148894886769555 0.00015309162738676 0.000110430596923602 7.70069170736006e-05 7.14738955855443e-05 6.76715798472311e-05 6.6930493212679e-05 6.62896752362571e-05 6.38511588989124e-05 0.000162347851764042 0.000166572081122831 0.000153949855901708 0.000128199171200995 0.000107033499751448 8.85453108587061e-05 7.69567851727177e-05 6.96138414938285e-05 6.79415658060865e-05 0.000160321472629776 0.000125884520360342 7.99100160626692e-05 9.11962607771147e-05 0.000135369606475368 0.000150645190820755 0.000147561246976134 0.000127802088772506 6.66901524714304e-05 6.60461727775254e-05 6.55863806901035e-05 6.91099004692806e-05 6.63778714546972e-05 6.54473421703422e-05 6.50623090503675e-05 2.91557255631499e-06 -1.55053822365406e-06 1.48237127397437e-05 -5.48920398600675e-07
"Immunityfull_123-183" 0.000101237615082944 6.73761755724179e-05 6.61112975198351e-05 6.58534006776485e-05 0.000191312853441496 0.000160259815831239 0.000134808319225085 9.31686318796237e-05 7.69425442342902e-05 6.90540485071851e-05 6.67820133693739e-05 6.59365825871789e-05 6.18879743972629e-05 0.000181188546005545 0.000160993003585937 0.00183353175447778 0.000174924723956891 0.00014802240642867 0.000125122221436361 8.87933717271505e-05 7.55830240757642e-05 6.95745430488763e-05 0.000151643194134129 0.000140065230590455 0.000102595014706744 8.23828224490901e-05 7.49676401258055e-05 6.89547134294114e-05 6.74484843266282e-05 6.64727779513798e-05 6.25677924658057e-05 0.000169952445359901 0.000164107945717414 0.000153534800027658 0.000132742817315904 0.000105250008662052 8.92320503321146e-05 7.82205461125256e-05 7.18332077364056e-05 6.9439534862991e-05 0.000153848210343961 0.000115353071285874 8.47225282305181e-05 0.000102168615746551 0.000142868703540478 0.000145707873456176 0.000145578091120047 0.000116874777414009 6.7140797643365e-05 6.57210718026695e-05 6.52208896421496e-05 7.11777597211887e-05 6.66431761195802e-05 6.48524760203785e-05 6.43415533237752e-05 5.94899701447644e-06 3.89671251076086e-06 2.3046526181379e-05 8.20105770310864e-07
"Immunityfull_184-244" 0.000102461468791333 7.0697109718378e-05 6.79750170646719e-05 6.73990083358275e-05 0.000184751498321789 0.000162095812436661 0.000129485680179376 9.54961050934537e-05 8.3074729641546e-05 7.37176963907835e-05 6.92212412759567e-05 6.75909114734016e-05 6.35449932101908e-05 0.000177939733603484 0.000160291244767885 0.000174924723956891 0.000780193645318359 0.000147662774843091 0.000125137143675508 9.23690911938898e-05 8.05832105925354e-05 7.40844815943573e-05 0.000151140748935477 0.000141094190621768 0.000101927248589191 8.66051525570481e-05 8.04807745465644e-05 7.2730061049097e-05 6.9421266434072e-05 6.80293809357269e-05 6.41931313839834e-05 0.000166811123124348 0.000164167145537119 0.000149236864168672 0.000132652608319704 0.000108258333952177 9.23308952401754e-05 8.16983053567426e-05 7.5222342517175e-05 7.28591681181344e-05 0.000154086455700692 0.000115241848615293 8.85000431803128e-05 0.00010388320017981 0.000142896710135056 0.000145077467812875 0.000144234722568856 0.000118781138724322 7.04660991298305e-05 6.75349575779041e-05 6.67147839898755e-05 7.6616185938039e-05 7.00058297652963e-05 6.66921604277937e-05 6.58411403726722e-05 5.30924368675104e-06 3.78490611170595e-06 2.24286805502086e-05 2.75479369564262e-06
"Immunityfull_245-305" 0.000110602773928993 9.10646170373761e-05 8.20068825635729e-05 8.01158348738394e-05 0.000147618943101352 0.000157577521888069 0.000160186254604387 0.000108668169299786 0.000104303850120446 9.89306296301626e-05 8.53756676470797e-05 8.08475467315639e-05 7.93942953087669e-05 0.000149518720582048 0.000158521814675998 0.00014802240642867 0.000147662774843091 0.000961828637864796 0.000137713583358117 0.000110261031978215 0.000101907024684457 9.59440026810676e-05 0.000142916356137593 0.000147131710279221 0.000123337750746878 0.000103584461312756 0.000102080875844328 9.39668419375259e-05 8.31926559092546e-05 8.06081842554367e-05 7.93876404467656e-05 0.000149833037234305 0.000153066621406111 0.000148181151983757 0.000132339007447704 0.000122437181034937 0.000109753892499959 9.89482306426423e-05 9.23852554396717e-05 9.06097750743345e-05 0.00015057880750024 0.000134189672563061 0.000106496763184315 0.000110775574417892 0.000133048212379454 0.000142989555385032 0.000141398215149941 0.000134785140464999 9.15011380409235e-05 8.20143063246814e-05 8.01234473996872e-05 0.000101525317018859 9.15149315734445e-05 8.17915432421897e-05 7.986385411214e-05 -2.66866695302236e-06 -8.79701461669846e-06 7.3908164610565e-06 4.06849857253014e-06
"Immunityfull_306-366" 0.000129897772746708 0.000136377566439584 0.000114387609583427 0.00010785489674907 0.000117624957806622 0.000132477688443972 0.000158594381864283 0.000164505704345134 0.000144276322218494 0.000139683503769046 0.000124502318719358 0.000109750062524586 0.000110050220821764 0.000121715209333302 0.000133848084728746 0.000125122221436361 0.000125137143675508 0.000137713583358117 0.00177222572750703 0.000150249705593801 0.000140751778302253 0.000137820762657444 0.000129978738216899 0.000137614672200235 0.000150258618111954 0.000148372462093753 0.000140660820475551 0.000133412289617518 0.000116592822556973 0.000108735680156938 0.000109382858633552 0.000126540866370091 0.000129961773823729 0.000138323488806924 0.000139866108840876 0.000142544590882473 0.000140593899575974 0.000135530889551162 0.000126829278595163 0.000128315210086174 0.000134788199211072 0.000151273712970366 0.000147445049443442 0.000136410110656876 0.000126090731921928 0.000130193210859066 0.000133465339914462 0.00014777886703247 0.000137495256639203 0.000115093845537936 0.000108521434282328 0.000140480361838498 0.000134883817960182 0.000115753887402217 0.000109372942106481 -4.7841929076362e-06 -1.43331042211861e-05 -1.04067650197612e-05 4.41916018950795e-06
"Immunityfull_367-427" 0.000171679682520786 0.000201263818838367 0.000188080653484244 0.000178784238706035 7.45942598040525e-05 8.32018379123206e-05 0.000120755959621713 0.000259016888783102 0.000251579012823504 0.000220335700662303 0.000193792294437463 0.0001823385703802 0.000175891758383865 7.66638204657126e-05 8.72534468248302e-05 8.87933717271505e-05 9.23690911938898e-05 0.000110261031978215 0.000150249705593801 0.00217636158458612 0.000235641737087068 0.000219201197599324 0.000111854516438093 0.00011371193099663 0.000189625610161247 0.000247206910263674 0.000239722288166636 0.000209848930274157 0.000188613135629934 0.000181417804095138 0.000175826474696214 9.00729594718946e-05 8.88211854479751e-05 0.000118165700382664 0.000159803593086771 0.000194707296789509 0.000204950465935295 0.000214901500649839 0.000210417491050349 0.000206493740563697 0.000102365266886306 0.000177093165993926 0.000239686576446299 0.000204631681627412 0.000121669266214625 0.000105521252637415 0.000114048878297255 0.000171604440703732 0.000201950881367921 0.000188456279000614 0.00017885148458963 0.000234667002438348 0.000204032620614113 0.000186988301167401 0.000179962457758991 2.77631710255065e-07 -5.48855756813509e-06 4.50707989489628e-06 3.58044638492881e-06
"Immunityfull_428-488" 0.00019547625321248 0.000263900675387057 0.00022330341693432 0.000223672878627834 6.48438953227041e-05 6.95915242916582e-05 9.58324947900986e-05 0.000228999592534889 0.000283065867717023 0.000293665664800823 0.000235843694725241 0.00022270970475392 0.000225913915426098 6.61613511162838e-05 7.19804786340233e-05 7.55830240757642e-05 8.05832105925354e-05 0.000101907024684457 0.000140751778302253 0.000235641737087068 0.00225799039322957 0.000273743961165211 0.000112209257215407 0.000106970884180096 0.000182923647125392 0.000257878314001391 0.000285929336788382 0.00027343191855159 0.000228706137306904 0.000222692605188887 0.000225668791188789 8.12666921500475e-05 7.66036242682132e-05 0.000102504379571842 0.000153858309762416 0.000207849489580628 0.000240300945385365 0.000245829776165973 0.00025608907116981 0.000254395888390061 9.0612538436212e-05 0.000161915708438434 0.00025897715520821 0.000233450510331879 0.000133767840699137 0.000101988620743368 0.000104197838765364 0.000160065038468218 0.000266090296491568 0.000223485240086685 0.00022388246834969 0.00029455110158645 0.000266434545903719 0.000225576425807533 0.000223056037553151 -3.22164699660441e-06 -1.09072846879299e-05 1.67763703566913e-06 4.39756653645011e-06
"Immunityfull_489-549" 0.000221367897712874 0.000364194266762673 0.000305824335385055 0.000273207071723349 6.07922804859874e-05 6.71634911111284e-05 9.02651715544594e-05 0.000194803608447264 0.000255145209987159 0.000320219320978958 0.000342741407763008 0.00028209669582082 0.000271740357252451 6.30088171860357e-05 6.79863375239175e-05 6.95745430488763e-05 7.40844815943573e-05 9.59440026810676e-05 0.000137820762657444 0.000219201197599324 0.000273743961165211 0.0037781514159535 0.000111523806573702 0.000111641232495246 0.000181756065430896 0.000237340554533149 0.000276682947785737 0.000326420446853615 0.00031368202895708 0.000279221781506707 0.000270947512524045 7.75237263257358e-05 7.31784070762578e-05 9.50410420036403e-05 0.000139126701095017 0.000196028773618412 0.00025044081043652 0.000276379897048486 0.000287172237383379 0.00030833044233965 8.78042216747913e-05 0.000150043245603058 0.000237792463163848 0.000232178439703111 0.000144049446970161 0.000114840743519516 0.000106920003806149 0.000144907591965282 0.000365532034621761 0.000308111129915477 0.000274134621404756 0.000289883675677657 0.00034757088682013 0.000307747236199363 0.000277625200745568 -8.52337814841523e-06 -2.00624760025075e-05 -1.29284905585788e-05 5.28518154489022e-06
"Immunityhybridboost_001-061" 0.000118801022116446 0.000113698239001506 9.82999006925586e-05 9.4598277754275e-05 0.000157285389234995 0.000150067595623785 0.000134135300689263 0.000107860953338093 0.00011192103552735 0.000115445556584324 0.000105124521685468 9.54041456911651e-05 9.2715817974994e-05 0.000154813795101421 0.000148894886769555 0.000151643194134129 0.000151140748935477 0.000142916356137593 0.000129978738216899 0.000111854516438093 0.000112209257215407 0.000111523806573702 0.00258354741168735 0.000139954303741884 0.000116942626157965 0.000109508900311089 0.000113235899552711 0.000112120704502054 0.000100975704201563 9.5471191960589e-05 9.2964041951031e-05 0.000150372422661277 0.000150007811615975 0.000141246309538726 0.000132475069557367 0.00012376090644643 0.000118046663469322 0.000109960800789845 0.00010619102371836 0.000106653179855253 0.000145050934033779 0.000123880095341381 0.0001120760009972 0.000122049526676894 0.000140363706940094 0.000140430724727681 0.000138059439026336 0.000126202925696568 0.000114346319181038 9.85604555279334e-05 9.45934836744281e-05 0.000113964155874624 0.000112030398602806 9.84309962781497e-05 9.44049630654832e-05 5.48893338236446e-07 -4.79160896668788e-06 1.16782271492317e-05 -2.32115029965779e-06
"Immunityhybridboost_062-122" 0.000123724774256877 0.000117784336313303 0.000121656939604708 0.000116089995469027 0.000139506299820738 0.000153151892259704 0.000156118658387755 0.000111388716216764 0.000104093583852179 0.000109365894366127 0.000122238919107161 0.000118345164993872 0.000114405748377192 0.000142937683359448 0.00015309162738676 0.000140065230590455 0.000141094190621768 0.000147131710279221 0.000137614672200235 0.00011371193099663 0.000106970884180096 0.000111641232495246 0.000139954303741884 0.00150778168945977 0.000129598482942768 0.00010830328029526 0.000106026716507747 0.000113558705540232 0.000120743631671402 0.000117822308078625 0.000114331019958229 0.000143932092654059 0.00014843953190825 0.00014355942412766 0.000130043187233823 0.000122337759836504 0.000117312407089913 0.000115341107574894 0.00011290581495721 0.000114449185041418 0.000147233509009947 0.000134277585788536 0.000109040550882903 0.000113288021207104 0.000134450117181575 0.000144817979020364 0.000142182373649303 0.000133630461385951 0.000117706053165409 0.00012208228031349 0.000116430004656344 0.000105839684348181 0.000116649702947874 0.000120724235472302 0.000117142769809789 -2.67820225287317e-06 -9.7107579602966e-06 3.63853734235674e-06 -1.98566455044794e-06
"Immunityhybridboost_123-183" 0.000171261762118868 0.000178160213439281 0.000220640266988722 0.000235629962339034 8.78709605161902e-05 0.000105136047696283 0.000155502271896 0.000204955725183448 0.000184017639931604 0.000171693666697111 0.00020125333794132 0.000232001203490228 0.00023934513459766 9.16640802925208e-05 0.000110430596923602 0.000102595014706744 0.000101927248589191 0.000123337750746878 0.000150258618111954 0.000189625610161247 0.000182923647125392 0.000181756065430896 0.000116942626157965 0.000129598482942768 0.00219041355943661 0.000195075254877256 0.000180098743600486 0.000182158166868153 0.000215173908001339 0.000232667942314086 0.000238934057354713 0.000103543565206982 0.000106319850577557 0.000130680716557117 0.000145174855758844 0.000162250659223287 0.000172010761808086 0.000191780172748521 0.000200652557012634 0.000197578752657382 0.000118015735877041 0.000170189097075391 0.000186975313518434 0.000161466872960205 0.000122482886559319 0.000127142416023016 0.000133391113409025 0.000160629268057053 0.000177039863935475 0.00022015000719432 0.000236223437556808 0.000175734056910365 0.000181596248592988 0.000220551887165058 0.00023480273378577 -4.94175572143623e-06 -1.44716575073834e-05 -3.47524629670326e-06 -1.70501673913263e-06
"Immunityhybridboost_184-244" 0.000183297742498829 0.000215970545877167 0.00020553313944172 0.000214659024146914 6.84946390877074e-05 7.36656689583263e-05 0.000107298083569667 0.000272843723434448 0.000272230805120828 0.00024317738654169 0.000205023795159301 0.000211360599485186 0.000217451717534147 6.95972722843385e-05 7.70069170736006e-05 8.23828224490901e-05 8.66051525570481e-05 0.000103584461312756 0.000148372462093753 0.000247206910263674 0.000257878314001391 0.000237340554533149 0.000109508900311089 0.00010830328029526 0.000195075254877256 0.00199648247005902 0.000261352779226375 0.000229984130829054 0.000207538698241794 0.000212232683484493 0.000217479678601055 8.36246998765636e-05 8.09716280902993e-05 0.000112018184962026 0.000162982091434169 0.000203662631538863 0.000219636429903847 0.000231237142888269 0.000233753606499588 0.000227268988289443 9.52351483911842e-05 0.000177473250056858 0.00025797167341049 0.000218778914624274 0.000123185434465407 0.000100955046004911 0.000110733690935969 0.000173067983816634 0.000217076256949545 0.000205286186536595 0.000214838394437778 0.000258072717535346 0.000220516140819173 0.000207060806809223 0.000213227795007877 -1.49213433149535e-06 -8.34057014251816e-06 5.92476767418636e-06 -1.62535731363938e-06
"Immunityhybridboost_245-305" 0.000188995012369862 0.000266368242531351 0.000202243949338533 0.000188278128258211 6.45332435747703e-05 6.91569576965594e-05 9.43433210602871e-05 0.000231040213871359 0.000293569124270321 0.00029858182106068 0.000227774761677406 0.000191293005359655 0.000187944073076516 6.57112309448223e-05 7.14738955855443e-05 7.49676401258055e-05 8.04807745465644e-05 0.000102080875844328 0.000140660820475551 0.000239722288166636 0.000285929336788382 0.000276682947785737 0.000113235899552711 0.000106026716507747 0.000180098743600486 0.000261352779226375 0.00167929349886976 0.000272868744293757 0.000210215199889271 0.000190464269646671 0.000187807683597344 8.11080278709995e-05 7.60748279642682e-05 0.000102022523910574 0.000155279553420107 0.000213098274400643 0.000242446967898903 0.000243639359218748 0.000246490893663183 0.000246642481108672 8.98071491304523e-05 0.000162104490309007 0.000263657523817404 0.000239343772739657 0.000133102533097549 9.83943622833244e-05 9.9655028916816e-05 0.000161511279009506 0.000269435315608091 0.000203414486755748 0.000188713570374485 0.000302934044727409 0.00026718031617424 0.000204384847343966 0.000189642578137964 -3.38727567201621e-06 -1.11386841845756e-05 1.34799085335126e-06 -1.46219596508054e-06
"Immunityhybridboost_306-366" 0.000235061572079687 0.00038230846632963 0.000350470118316571 0.00032343011277071 6.12178417139884e-05 6.66021737200799e-05 8.70384859286555e-05 0.000177822393486522 0.000242489443035779 0.000330302586383729 0.000373053770810275 0.000331895230584378 0.000319794689971793 6.28889300485497e-05 6.76715798472311e-05 6.89547134294114e-05 7.2730061049097e-05 9.39668419375259e-05 0.000133412289617518 0.000209848930274157 0.00027343191855159 0.000326420446853615 0.000112120704502054 0.000113558705540232 0.000182158166868153 0.000229984130829054 0.000272868744293757 0.0030048096338316 0.000353721538829508 0.000329432888289381 0.000319184531873482 7.74824843870877e-05 7.32144890634622e-05 9.30205591301058e-05 0.000133950575244362 0.000190042480389971 0.000254893300226341 0.000286650926963077 0.000309491101894541 0.000330537840035325 8.75598291559336e-05 0.000144497083815469 0.000230147065715891 0.000229514513229607 0.000149561215955756 0.000120879163191103 0.000111013549147216 0.000138008458782779 0.000382993579501797 0.000352405596989808 0.000324356950405153 0.000289005360264172 0.000367738955721266 0.000350607716824754 0.000327738333394243 -7.33871125025885e-06 -1.8005363680154e-05 -7.93646830773969e-06 -1.22666413995731e-06
"Immunityhybridboost_367-427" 0.000313263506024492 0.000380074424272658 0.000648647243856151 0.000675582692148558 6.13403561142473e-05 6.56561710117249e-05 8.19516950034031e-05 0.000143314647694784 0.000175065238390934 0.000248189336517222 0.00054990843951829 0.000674282412277098 0.000676052328089442 6.25478684820754e-05 6.6930493212679e-05 6.74484843266282e-05 6.9421266434072e-05 8.31926559092546e-05 0.000116592822556973 0.000188613135629934 0.000228706137306904 0.00031368202895708 0.000100975704201563 0.000120743631671402 0.000215173908001339 0.000207538698241794 0.000210215199889271 0.000353721538829508 0.00573947768342422 0.000674458681942553 0.000675624382757828 7.44884871550129e-05 7.26042450934974e-05 9.12860224114494e-05 0.000115301315568733 0.000150540214716084 0.000226890552964066 0.000341882590810442 0.000424141378433225 0.000435291277064283 8.60516205237185e-05 0.000140533688105056 0.000187526413544433 0.000185280692556642 0.000154640797226635 0.000159731567443527 0.000150223482785468 0.000126608434041264 0.000368676792941993 0.000646422508946222 0.000676239345433205 0.000208245070910967 0.000382780573192753 0.000635443701857853 0.000676869102916367 -5.19581026193798e-06 -1.45035219832444e-05 -2.79836938818899e-06 -1.15623599513513e-06
"Immunityhybridboost_428-488" 0.000343591936122304 0.000309209323764232 0.000717651778924474 0.000927223753647989 6.05959846182176e-05 6.54099645716906e-05 8.16885508133888e-05 0.000136394609530878 0.000161165025571426 0.000210849877449861 0.000513798430728131 0.000867856937767376 0.000965489758914455 6.19441111155044e-05 6.62896752362571e-05 6.64727779513798e-05 6.80293809357269e-05 8.06081842554367e-05 0.000108735680156938 0.000181417804095138 0.000222692605188887 0.000279221781506707 9.5471191960589e-05 0.000117822308078625 0.000232667942314086 0.000212232683484493 0.000190464269646671 0.000329432888289381 0.000674458681942553 0.00894673225451594 0.00096488894221711 7.311185931738e-05 7.12645587704597e-05 9.08761428925132e-05 0.000112068757730763 0.000138043347987664 0.00020887127724908 0.000344231392750503 0.000481321886554177 0.000465406126462608 8.36016559111886e-05 0.000140674207871539 0.000181547466312811 0.000165598906725877 0.000148689908942606 0.00016987947434201 0.000170390267753217 0.000129807302994647 0.00029550392806546 0.000706829551319551 0.000927166968826266 0.000184445551332565 0.000329238744150417 0.000722218610909817 0.000903158309510572 -7.62858463755478e-06 -1.73314586896494e-05 -6.86591620052615e-06 -1.56056587915854e-06
